0	0.0376344086022
1	0.5
2	0.725806451613
3	0.731182795699
4	0.725806451613
5	0.725806451613
6	0.725806451613
7	0.725806451613
8	0.725806451613
9	0.725806451613
10	0.725806451613
11	0.725806451613
12	0.725806451613
13	0.725806451613
14	0.725806451613
15	0.725806451613
16	0.725806451613
17	0.725806451613
18	0.725806451613
19	0.725806451613
20	0.725806451613
21	0.725806451613
22	0.725806451613
23	0.725806451613
24	0.725806451613
25	0.725806451613
26	0.725806451613
27	0.725806451613
28	0.725806451613
29	0.725806451613
30	0.725806451613
31	0.725806451613
32	0.725806451613
33	0.725806451613
34	0.725806451613
35	0.725806451613
36	0.725806451613
37	0.725806451613
38	0.725806451613
39	0.725806451613
40	0.725806451613
41	0.725806451613
42	0.725806451613
43	0.725806451613
44	0.725806451613
45	0.725806451613
46	0.725806451613
47	0.725806451613
48	0.725806451613
49	0.725806451613
50	0.725806451613
51	0.725806451613
52	0.725806451613
53	0.725806451613
54	0.725806451613
55	0.725806451613
56	0.725806451613
57	0.725806451613
58	0.725806451613
59	0.725806451613
60	0.725806451613
61	0.725806451613
62	0.725806451613
63	0.725806451613
64	0.725806451613
65	0.725806451613
66	0.725806451613
67	0.725806451613
68	0.725806451613
69	0.725806451613
70	0.725806451613
71	0.725806451613
72	0.725806451613
73	0.725806451613
74	0.725806451613
75	0.725806451613
76	0.725806451613
77	0.725806451613
78	0.725806451613
79	0.725806451613
80	0.725806451613
81	0.725806451613
82	0.725806451613
83	0.725806451613
84	0.725806451613
85	0.725806451613
86	0.725806451613
87	0.725806451613
88	0.725806451613
89	0.725806451613
90	0.725806451613
91	0.725806451613
92	0.725806451613
93	0.725806451613
94	0.725806451613
95	0.725806451613
96	0.725806451613
97	0.725806451613
98	0.725806451613
99	0.725806451613
100	0.725806451613
101	0.725806451613
102	0.725806451613
103	0.725806451613
104	0.725806451613
105	0.725806451613
106	0.725806451613
107	0.725806451613
108	0.725806451613
109	0.725806451613
110	0.725806451613
111	0.725806451613
112	0.725806451613
113	0.725806451613
114	0.725806451613
115	0.725806451613
116	0.725806451613
117	0.725806451613
118	0.725806451613
119	0.725806451613
120	0.725806451613
121	0.725806451613
122	0.725806451613
123	0.725806451613
124	0.725806451613
125	0.725806451613
126	0.725806451613
127	0.725806451613
128	0.725806451613
129	0.725806451613
130	0.725806451613
131	0.725806451613
132	0.725806451613
133	0.725806451613
134	0.725806451613
135	0.725806451613
136	0.725806451613
137	0.725806451613
138	0.725806451613
139	0.725806451613
140	0.725806451613
141	0.725806451613
142	0.725806451613
143	0.725806451613
144	0.725806451613
145	0.725806451613
146	0.725806451613
147	0.725806451613
148	0.725806451613
149	0.725806451613
150	0.725806451613
151	0.725806451613
152	0.725806451613
153	0.725806451613
154	0.725806451613
155	0.725806451613
156	0.725806451613
157	0.725806451613
158	0.725806451613
159	0.725806451613
160	0.725806451613
161	0.725806451613
162	0.725806451613
163	0.725806451613
164	0.725806451613
165	0.725806451613
166	0.725806451613
167	0.725806451613
168	0.725806451613
169	0.725806451613
170	0.725806451613
171	0.725806451613
172	0.725806451613
173	0.725806451613
174	0.725806451613
175	0.725806451613
176	0.725806451613
177	0.725806451613
178	0.725806451613
179	0.725806451613
180	0.725806451613
181	0.725806451613
182	0.725806451613
183	0.725806451613
184	0.725806451613
185	0.725806451613
186	0.725806451613
187	0.725806451613
188	0.725806451613
189	0.725806451613
190	0.725806451613
191	0.725806451613
192	0.725806451613
193	0.725806451613
194	0.725806451613
195	0.725806451613
196	0.725806451613
197	0.725806451613
198	0.725806451613
199	0.725806451613
200	0.725806451613
201	0.725806451613
202	0.725806451613
203	0.725806451613
204	0.725806451613
205	0.725806451613
206	0.725806451613
207	0.725806451613
208	0.725806451613
209	0.725806451613
210	0.725806451613
211	0.725806451613
212	0.725806451613
213	0.725806451613
214	0.725806451613
215	0.725806451613
216	0.725806451613
217	0.725806451613
218	0.725806451613
219	0.725806451613
220	0.725806451613
221	0.725806451613
222	0.725806451613
223	0.725806451613
224	0.725806451613
225	0.725806451613
226	0.725806451613
227	0.725806451613
228	0.725806451613
229	0.725806451613
230	0.725806451613
231	0.725806451613
232	0.725806451613
233	0.725806451613
234	0.725806451613
235	0.725806451613
236	0.725806451613
237	0.725806451613
238	0.725806451613
239	0.725806451613
240	0.725806451613
241	0.725806451613
242	0.725806451613
243	0.725806451613
244	0.725806451613
245	0.725806451613
246	0.725806451613
247	0.725806451613
248	0.725806451613
249	0.725806451613
250	0.725806451613
251	0.725806451613
252	0.725806451613
253	0.725806451613
254	0.725806451613
255	0.725806451613
256	0.725806451613
257	0.725806451613
258	0.725806451613
259	0.725806451613
260	0.725806451613
261	0.725806451613
262	0.725806451613
263	0.725806451613
264	0.725806451613
265	0.725806451613
266	0.725806451613
267	0.725806451613
268	0.725806451613
269	0.725806451613
270	0.725806451613
271	0.725806451613
272	0.725806451613
273	0.725806451613
274	0.725806451613
275	0.725806451613
276	0.725806451613
277	0.725806451613
278	0.725806451613
279	0.725806451613
280	0.725806451613
281	0.725806451613
282	0.725806451613
283	0.725806451613
284	0.725806451613
285	0.725806451613
286	0.725806451613
287	0.725806451613
288	0.725806451613
289	0.725806451613
290	0.725806451613
291	0.725806451613
292	0.725806451613
293	0.725806451613
294	0.725806451613
295	0.725806451613
296	0.725806451613
297	0.725806451613
298	0.725806451613
299	0.725806451613
300	0.725806451613
