0	0.275449101796
1	0.0239520958084
2	0.0359281437126
3	0.0479041916168
4	0.473053892216
5	0.479041916168
6	0.497005988024
7	0.502994011976
8	0.449101796407
9	0.413173652695
10	0.407185628743
11	0.0299401197605
12	0.0419161676647
13	0.0419161676647
14	0.0479041916168
15	0.0718562874251
16	0.0958083832335
17	0.0838323353293
18	0.0059880239521
19	0.0059880239521
20	0.0299401197605
21	0.0239520958084
22	0.0239520958084
23	0.0239520958084
24	0.0239520958084
25	0.0239520958084
26	0.0239520958084
27	0.0239520958084
28	0.0239520958084
29	0.0239520958084
30	0.0239520958084
31	0.0239520958084
32	0.0239520958084
33	0.0239520958084
34	0.0239520958084
35	0.0239520958084
36	0.0239520958084
37	0.0239520958084
38	0.0239520958084
39	0.0239520958084
40	0.0239520958084
41	0.0239520958084
42	0.0239520958084
43	0.0239520958084
44	0.0299401197605
45	0.0299401197605
46	0.0299401197605
47	0.0299401197605
48	0.0299401197605
49	0.814371257485
50	0.814371257485
51	0.814371257485
52	0.808383233533
53	0.808383233533
54	0.808383233533
55	0.808383233533
56	0.808383233533
57	0.592814371257
58	0.592814371257
59	0.604790419162
60	0.604790419162
61	0.604790419162
62	0.59880239521
63	0.814371257485
64	0.814371257485
65	0.814371257485
66	0.814371257485
67	0.814371257485
68	0.814371257485
69	0.814371257485
70	0.814371257485
71	0.814371257485
72	0.37125748503
73	0.814371257485
74	0.814371257485
75	0.814371257485
76	0.814371257485
77	0.814371257485
78	0.814371257485
79	0.814371257485
80	0.814371257485
81	0.814371257485
82	0.814371257485
83	0.814371257485
84	0.814371257485
85	0.814371257485
86	0.814371257485
87	0.814371257485
88	0.814371257485
89	0.814371257485
90	0.814371257485
91	0.814371257485
92	0.814371257485
