0	0.40625
1	0.125
2	0.1875
3	0.25
4	0.25
5	0.28125
6	0.375
7	0.4375
8	0.5
9	0.40625
10	0.375
11	0.15625
12	0.21875
13	0.21875
14	0.25
15	0.375
16	0.5
17	0.4375
18	0.03125
19	0.03125
20	0.15625
21	0.125
22	0.125
23	0.125
24	0.125
25	0.125
26	0.125
27	0.125
28	0.125
29	0.125
30	0.125
31	0.125
32	0.125
33	0.125
34	0.125
35	0.125
36	0.125
37	0.125
38	0.125
39	0.125
40	0.125
41	0.125
42	0.125
43	0.125
44	0.15625
45	0.15625
46	0.15625
47	0.15625
48	0.15625
49	0.09375
50	0.09375
51	0.09375
52	0.0
53	0.0
54	0.0
55	0.0
56	0.0
57	0.09375
58	0.09375
59	0.21875
60	0.21875
61	0.21875
62	0.34375
63	0.03125
64	0.03125
65	0.03125
66	0.03125
67	0.03125
68	0.03125
69	0.03125
70	0.03125
71	0.03125
72	0.125
73	0.03125
74	0.03125
75	0.03125
76	0.03125
77	0.03125
78	0.03125
79	0.03125
80	0.03125
81	0.03125
82	0.03125
83	0.03125
84	0.03125
85	0.03125
86	0.03125
87	0.03125
88	0.03125
89	0.03125
90	0.03125
91	0.03125
92	0.03125