0	0.22754491018
1	0.0838323353293
2	0.0718562874251
3	0.0658682634731
4	0.0479041916168
5	0.0538922155689
6	0.251497005988
7	0.221556886228
8	0.0838323353293
9	0.0778443113772
10	0.0718562874251
11	0.0718562874251
12	0.059880239521
13	0.0538922155689
14	0.0538922155689
15	0.0419161676647
16	0.0419161676647
17	0.0419161676647
18	0.0419161676647
19	0.0419161676647
20	0.0419161676647
21	0.0479041916168
22	0.0479041916168
23	0.0479041916168
24	0.0479041916168
25	0.0479041916168
26	0.059880239521
27	0.0658682634731
28	0.0718562874251
29	0.0718562874251
30	0.0838323353293
31	0.0838323353293
32	0.0838323353293
33	0.0898203592814
34	0.0958083832335
35	0.119760479042
36	0.11377245509
37	0.185628742515
38	0.185628742515
39	0.185628742515
40	0.167664670659
41	0.251497005988
42	0.215568862275
43	0.125748502994
44	0.125748502994
45	0.125748502994
46	0.125748502994
47	0.137724550898
48	0.215568862275
49	0.383233532934
50	0.383233532934
51	0.389221556886
52	0.431137724551
53	0.425149700599
54	0.413173652695
55	0.317365269461
56	0.407185628743
57	0.299401197605
58	0.299401197605
59	0.299401197605
60	0.299401197605
61	0.275449101796
62	0.245508982036
63	0.209580838323
64	0.203592814371
65	0.209580838323
66	0.209580838323
67	0.209580838323
68	0.215568862275
69	0.215568862275
70	0.25748502994
71	0.263473053892
72	0.263473053892
73	0.305389221557
74	0.305389221557
75	0.305389221557
76	0.305389221557
77	0.305389221557
78	0.305389221557
79	0.311377245509
80	0.311377245509
81	0.311377245509
82	0.311377245509
83	0.311377245509
84	0.359281437126
85	0.389221556886
86	0.389221556886
87	0.419161676647
88	0.419161676647
89	0.419161676647
90	0.425149700599
91	0.407185628743
92	0.407185628743
