0	0.0376344086022
10	0.725806451613
20	0.725806451613
30	0.731182795699
40	0.569892473118
50	0.677419354839
60	0.634408602151
70	0.634408602151
80	0.731182795699
90	0.725806451613
100	0.725806451613
110	0.725806451613
120	0.725806451613
130	0.725806451613
140	0.725806451613
150	0.725806451613
160	0.725806451613
170	0.725806451613
180	0.725806451613
190	0.725806451613
200	0.725806451613
210	0.725806451613
220	0.725806451613
230	0.725806451613
240	0.725806451613
250	0.725806451613
260	0.725806451613
270	0.725806451613
280	0.725806451613
290	0.725806451613
300	0.725806451613
310	0.725806451613
320	0.725806451613
330	0.725806451613
340	0.725806451613
350	0.725806451613
360	0.725806451613
370	0.725806451613
380	0.725806451613
390	0.725806451613
400	0.725806451613
410	0.725806451613
420	0.725806451613
430	0.725806451613
440	0.725806451613
450	0.725806451613
460	0.725806451613
470	0.725806451613
480	0.725806451613
490	0.725806451613
497	0.725806451613
