0	0.46875
1	0.4375
2	0.375
3	0.34375
4	0.25
5	0.28125
6	0.25
7	0.25
8	0.3125
9	0.3125
10	0.3125
11	0.3125
12	0.3125
13	0.28125
14	0.28125
15	0.21875
16	0.21875
17	0.21875
18	0.21875
19	0.21875
20	0.21875
21	0.25
22	0.25
23	0.25
24	0.25
25	0.25
26	0.25
27	0.28125
28	0.3125
29	0.3125
30	0.375
31	0.375
32	0.375
33	0.40625
34	0.4375
35	0.59375
36	0.59375
37	0.59375
38	0.625
39	0.625
40	0.59375
41	0.53125
42	0.59375
43	0.5625
44	0.5625
45	0.5625
46	0.5625
47	0.625
48	0.625
49	0.59375
50	0.59375
51	0.625
52	0.59375
53	0.59375
54	0.625
55	0.625
56	0.625
57	0.625
58	0.625
59	0.625
60	0.625
61	0.625
62	0.5625
63	0.5625
64	0.5625
65	0.53125
66	0.53125
67	0.53125
68	0.5625
69	0.5625
70	0.5625
71	0.59375
72	0.59375
73	0.59375
74	0.59375
75	0.59375
76	0.625
77	0.625
78	0.625
79	0.65625
80	0.65625
81	0.65625
82	0.65625
83	0.65625
84	0.65625
85	0.65625
86	0.65625
87	0.65625
88	0.65625
89	0.65625
90	0.6875
91	0.65625
92	0.65625