0	0.0376344086022
10	0.0376344086022
20	0.0376344086022
29	0.0376344086022
34	0.0376344086022
38	0.0376344086022
45	0.0376344086022
48	0.0376344086022
56	0.0376344086022
58	0.0376344086022
62	0.0376344086022
68	0.0376344086022
74	0.0376344086022
79	0.0376344086022
90	0.0376344086022
96	0.0376344086022
101	0.0376344086022
115	0.0376344086022
119	0.0376344086022
124	0.0376344086022
136	0.0376344086022
140	0.0376344086022
149	0.0376344086022
151	0.0376344086022
157	0.0376344086022
160	0.0376344086022
164	0.0376344086022
170	0.0376344086022
176	0.0376344086022
183	0.0376344086022
186	0.0376344086022
194	0.0376344086022
198	0.0376344086022
212	0.0376344086022
