0	0.0376344086022
518	0.725806451613
533	0.725806451613
539	0.725806451613
544	0.725806451613
546	0.725806451613
548	0.725806451613
554	0.725806451613
561	0.725806451613
573	0.725806451613
584	0.725806451613
590	0.725806451613
602	0.725806451613
607	0.725806451613
615	0.725806451613
617	0.725806451613
618	0.725806451613
619	0.725806451613
620	0.725806451613
621	0.725806451613
622	0.725806451613
625	0.725806451613
626	0.725806451613
632	0.725806451613
638	0.725806451613
641	0.725806451613
643	0.725806451613
645	0.725806451613
653	0.725806451613
659	0.725806451613
661	0.725806451613
663	0.725806451613
671	0.725806451613
672	0.725806451613
680	0.725806451613
685	0.725806451613
689	0.725806451613
693	0.725806451613
694	0.725806451613
695	0.725806451613
