0	0.0376344086022
1	0.010752688172
2	0.010752688172
3	0.010752688172
4	0.0161290322581
5	0.0161290322581
6	0.0161290322581
7	0.0161290322581
8	0.0161290322581
9	0.0161290322581
10	0.0161290322581
11	0.0161290322581
12	0.0161290322581
13	0.0161290322581
14	0.0161290322581
15	0.0161290322581
16	0.0161290322581
17	0.0215053763441
18	0.0215053763441
19	0.0215053763441
20	0.0215053763441
21	0.0268817204301
22	0.0268817204301
23	0.0268817204301
24	0.0268817204301
25	0.0268817204301
26	0.0268817204301
27	0.0268817204301
28	0.0322580645161
29	0.0322580645161
30	0.0322580645161
31	0.0322580645161
32	0.0322580645161
33	0.0322580645161
34	0.0376344086022
35	0.0430107526882
36	0.0537634408602
37	0.0537634408602
38	0.0537634408602
39	0.0591397849462
40	0.0698924731183
41	0.0752688172043
42	0.0752688172043
43	0.0752688172043
44	0.102150537634
45	0.112903225806
46	0.112903225806
47	0.155913978495
48	0.177419354839
49	0.209677419355
50	0.215053763441
51	0.215053763441
52	0.258064516129
53	0.284946236559
54	0.306451612903
55	0.39247311828
56	0.397849462366
57	0.430107526882
58	0.44623655914
59	0.505376344086
60	0.510752688172
61	0.532258064516
62	0.543010752688
63	0.543010752688
64	0.55376344086
65	0.559139784946
66	0.564516129032
67	0.575268817204
68	0.602150537634
69	0.60752688172
70	0.618279569892
71	0.623655913978
72	0.623655913978
73	0.623655913978
74	0.629032258065
75	0.629032258065
76	0.645161290323
77	0.650537634409
78	0.661290322581
79	0.661290322581
80	0.666666666667
81	0.677419354839
82	0.698924731183
83	0.704301075269
84	0.704301075269
85	0.704301075269
86	0.709677419355
87	0.709677419355
88	0.709677419355
89	0.715053763441
90	0.715053763441
91	0.715053763441
92	0.715053763441
93	0.715053763441
94	0.715053763441
95	0.720430107527
96	0.725806451613
97	0.725806451613
98	0.725806451613
99	0.725806451613
100	0.725806451613
101	0.725806451613
102	0.725806451613
103	0.725806451613
104	0.725806451613
105	0.725806451613
106	0.725806451613
107	0.725806451613
108	0.725806451613
109	0.725806451613
110	0.725806451613
111	0.725806451613
112	0.725806451613
113	0.725806451613
114	0.725806451613
115	0.725806451613
116	0.725806451613
117	0.725806451613
118	0.725806451613
119	0.725806451613
120	0.725806451613
121	0.725806451613
122	0.725806451613
123	0.725806451613
124	0.725806451613
125	0.725806451613
126	0.725806451613
127	0.725806451613
128	0.725806451613
129	0.725806451613
130	0.725806451613
131	0.725806451613
132	0.725806451613
133	0.725806451613
134	0.725806451613
135	0.725806451613
136	0.725806451613
137	0.725806451613
138	0.725806451613
139	0.725806451613
140	0.725806451613
141	0.725806451613
142	0.725806451613
143	0.725806451613
144	0.725806451613
145	0.725806451613
146	0.725806451613
147	0.725806451613
148	0.725806451613
149	0.725806451613
150	0.725806451613
151	0.725806451613
152	0.725806451613
153	0.725806451613
154	0.725806451613
155	0.725806451613
156	0.725806451613
157	0.725806451613
158	0.725806451613
159	0.725806451613
160	0.725806451613
161	0.725806451613
162	0.725806451613
163	0.725806451613
164	0.725806451613
165	0.725806451613
166	0.725806451613
167	0.725806451613
168	0.725806451613
169	0.725806451613
170	0.725806451613
171	0.725806451613
172	0.725806451613
173	0.725806451613
174	0.725806451613
175	0.725806451613
176	0.725806451613
177	0.725806451613
178	0.725806451613
179	0.725806451613
180	0.725806451613
181	0.725806451613
182	0.725806451613
183	0.725806451613
184	0.725806451613
185	0.725806451613
186	0.725806451613
187	0.725806451613
188	0.725806451613
189	0.725806451613
190	0.725806451613
191	0.725806451613
192	0.725806451613
193	0.725806451613
194	0.725806451613
195	0.725806451613
196	0.725806451613
197	0.725806451613
198	0.725806451613
199	0.725806451613
200	0.725806451613
201	0.725806451613
202	0.725806451613
203	0.725806451613
204	0.725806451613
205	0.725806451613
206	0.725806451613
207	0.725806451613
208	0.725806451613
209	0.725806451613
210	0.725806451613
211	0.725806451613
212	0.725806451613
213	0.725806451613
214	0.725806451613
215	0.725806451613
216	0.725806451613
217	0.725806451613
218	0.725806451613
219	0.725806451613
220	0.725806451613
221	0.725806451613
222	0.725806451613
223	0.725806451613
224	0.725806451613
225	0.725806451613
226	0.725806451613
227	0.725806451613
228	0.725806451613
229	0.725806451613
230	0.725806451613
231	0.725806451613
232	0.725806451613
233	0.725806451613
234	0.725806451613
235	0.725806451613
236	0.725806451613
237	0.725806451613
238	0.725806451613
239	0.725806451613
240	0.725806451613
241	0.725806451613
242	0.725806451613
243	0.725806451613
244	0.725806451613
245	0.725806451613
246	0.725806451613
247	0.725806451613
248	0.725806451613
249	0.725806451613
250	0.725806451613
251	0.725806451613
252	0.725806451613
253	0.725806451613
254	0.725806451613
255	0.725806451613
256	0.725806451613
257	0.725806451613
258	0.725806451613
259	0.725806451613
260	0.725806451613
261	0.725806451613
262	0.725806451613
263	0.725806451613
264	0.725806451613
265	0.725806451613
266	0.725806451613
267	0.725806451613
268	0.725806451613
269	0.725806451613
270	0.725806451613
271	0.725806451613
272	0.725806451613
273	0.725806451613
274	0.725806451613
275	0.725806451613
276	0.725806451613
277	0.725806451613
278	0.725806451613
279	0.725806451613
280	0.725806451613
281	0.725806451613
282	0.725806451613
283	0.725806451613
284	0.725806451613
285	0.725806451613
286	0.725806451613
287	0.725806451613
288	0.725806451613
289	0.725806451613
290	0.725806451613
291	0.725806451613
292	0.725806451613
293	0.725806451613
294	0.725806451613
295	0.725806451613
296	0.725806451613
297	0.725806451613
298	0.725806451613
299	0.725806451613
300	0.725806451613
301	0.725806451613
302	0.725806451613
303	0.725806451613
304	0.725806451613
305	0.725806451613
306	0.725806451613
307	0.725806451613
308	0.725806451613
309	0.725806451613
310	0.725806451613
311	0.725806451613
312	0.725806451613
313	0.725806451613
314	0.725806451613
315	0.725806451613
316	0.725806451613
317	0.725806451613
318	0.725806451613
319	0.725806451613
320	0.725806451613
321	0.725806451613
322	0.725806451613
323	0.725806451613
324	0.725806451613
325	0.725806451613
326	0.725806451613
327	0.725806451613
328	0.725806451613
329	0.725806451613
330	0.725806451613
331	0.725806451613
332	0.725806451613
333	0.725806451613
334	0.725806451613
335	0.725806451613
336	0.725806451613
337	0.725806451613
338	0.725806451613
339	0.725806451613
340	0.725806451613
341	0.725806451613
342	0.725806451613
343	0.725806451613
344	0.725806451613
345	0.725806451613
346	0.725806451613
347	0.725806451613
348	0.725806451613
349	0.725806451613
350	0.725806451613
351	0.725806451613
352	0.725806451613
353	0.725806451613
354	0.725806451613
355	0.725806451613
356	0.725806451613
357	0.725806451613
358	0.725806451613
359	0.725806451613
360	0.725806451613
361	0.725806451613
362	0.725806451613
363	0.725806451613
364	0.725806451613
365	0.725806451613
366	0.725806451613
367	0.725806451613
368	0.725806451613
369	0.725806451613
370	0.725806451613
371	0.725806451613
372	0.725806451613
373	0.725806451613
374	0.725806451613
375	0.725806451613
376	0.725806451613
377	0.725806451613
378	0.725806451613
379	0.725806451613
380	0.725806451613
381	0.725806451613
382	0.725806451613
383	0.725806451613
384	0.725806451613
385	0.725806451613
386	0.725806451613
387	0.725806451613
388	0.725806451613
389	0.725806451613
390	0.725806451613
391	0.725806451613
392	0.725806451613
393	0.725806451613
394	0.725806451613
395	0.725806451613
396	0.725806451613
397	0.725806451613
398	0.725806451613
399	0.725806451613
400	0.725806451613
401	0.725806451613
402	0.725806451613
403	0.725806451613
404	0.725806451613
405	0.725806451613
406	0.725806451613
407	0.725806451613
408	0.725806451613
409	0.725806451613
410	0.725806451613
411	0.725806451613
412	0.725806451613
413	0.725806451613
414	0.725806451613
415	0.725806451613
416	0.725806451613
417	0.725806451613
418	0.725806451613
419	0.725806451613
420	0.725806451613
421	0.725806451613
422	0.725806451613
423	0.725806451613
424	0.725806451613
425	0.725806451613
426	0.725806451613
427	0.725806451613
428	0.725806451613
429	0.725806451613
430	0.725806451613
431	0.725806451613
432	0.725806451613
433	0.725806451613
434	0.725806451613
435	0.725806451613
436	0.725806451613
437	0.725806451613
438	0.725806451613
439	0.725806451613
440	0.725806451613
441	0.725806451613
442	0.725806451613
443	0.725806451613
444	0.725806451613
445	0.725806451613
446	0.725806451613
447	0.725806451613
448	0.725806451613
449	0.725806451613
450	0.725806451613
451	0.725806451613
452	0.725806451613
453	0.725806451613
454	0.725806451613
455	0.725806451613
456	0.725806451613
457	0.725806451613
458	0.725806451613
459	0.725806451613
460	0.725806451613
461	0.725806451613
462	0.725806451613
463	0.725806451613
464	0.725806451613
465	0.725806451613
466	0.725806451613
467	0.725806451613
468	0.725806451613
469	0.725806451613
470	0.725806451613
471	0.725806451613
472	0.725806451613
473	0.725806451613
474	0.725806451613
475	0.725806451613
476	0.725806451613
477	0.725806451613
478	0.725806451613
479	0.725806451613
480	0.725806451613
481	0.725806451613
482	0.725806451613
483	0.725806451613
484	0.725806451613
485	0.725806451613
486	0.725806451613
487	0.725806451613
488	0.725806451613
489	0.725806451613
490	0.725806451613
491	0.725806451613
492	0.725806451613
493	0.725806451613
494	0.725806451613
495	0.725806451613
496	0.725806451613
497	0.725806451613
