[[  4   0   0   0   0   0   0   0   0   0   0   0]
 [  0   4   0   0   0   0   0   1   0   0   0   0]
 [  0   0   1   0   0   0   0   1   0   0   0   0]
 [  0   0   0   2   0   0   0   1   0   0   0   0]
 [  1   0   0   0   0   0   0   0   0   0   0   0]
 [  0   0   0   0   0   1   0   1   0   0   0   0]
 [  0   0   0   0   0   0   4   1   0   0   0   0]
 [  1   0   0   0   0   0   7 118   1   0   5   3]
 [  0   0   0   0   0   0   0   1   1   0   0   0]
 [  0   0   0   0   0   0   0   1   0   0   0   0]
 [  0   0   0   0   0   0   0   0   0   0   3   0]
 [  0   0   0   0   0   0   0   1   0   0   0   3]]