0	0.173652694611
1	0.0778443113772
2	0.0778443113772
3	0.0658682634731
4	0.0479041916168
5	0.0359281437126
6	0.0419161676647
7	0.0359281437126
8	0.0359281437126
9	0.0419161676647
10	0.0419161676647
11	0.0419161676647
12	0.0419161676647
13	0.0359281437126
14	0.0359281437126
15	0.0419161676647
16	0.0479041916168
17	0.0479041916168
18	0.0479041916168
19	0.0479041916168
20	0.0479041916168
21	0.161676646707
22	0.383233532934
23	0.383233532934
24	0.383233532934
25	0.389221556886
26	0.389221556886
27	0.389221556886
28	0.389221556886
29	0.37125748503
30	0.347305389222
31	0.359281437126
32	0.299401197605
33	0.311377245509
34	0.299401197605
35	0.275449101796
36	0.275449101796
37	0.251497005988
38	0.263473053892
39	0.365269461078
40	0.365269461078
41	0.365269461078
42	0.359281437126
43	0.532934131737
44	0.532934131737
45	0.538922155689
46	0.652694610778
47	0.652694610778
48	0.652694610778
49	0.652694610778
50	0.646706586826
51	0.59880239521
52	0.610778443114
53	0.616766467066
54	0.616766467066
55	0.574850299401
56	0.473053892216
57	0.395209580838
58	0.299401197605
59	0.299401197605
60	0.299401197605
61	0.287425149701
62	0.299401197605
63	0.275449101796
64	0.275449101796
65	0.25748502994
66	0.245508982036
67	0.22754491018
68	0.191616766467
69	0.131736526946
70	0.191616766467
71	0.161676646707
72	0.131736526946
73	0.131736526946
74	0.14371257485
75	0.14371257485
76	0.203592814371
77	0.221556886228
78	0.233532934132
79	0.269461077844
80	0.311377245509
81	0.359281437126
82	0.359281437126
83	0.407185628743
84	0.413173652695
85	0.413173652695
86	0.419161676647
87	0.419161676647
88	0.419161676647
89	0.425149700599
90	0.425149700599
91	0.425149700599
92	0.419161676647
93	0.407185628743
