0	0.173652694611
1	0.37125748503
2	0.377245508982
3	0.359281437126
4	0.365269461078
5	0.335329341317
6	0.335329341317
7	0.335329341317
8	0.341317365269
9	0.22754491018
10	0.197604790419
11	0.191616766467
12	0.179640718563
13	0.431137724551
14	0.652694610778
15	0.760479041916
16	0.796407185629
17	0.85628742515
18	0.850299401198
19	0.850299401198
20	0.850299401198
21	0.796407185629
22	0.790419161677
23	0.796407185629
24	0.796407185629
25	0.790419161677
26	0.790419161677
27	0.790419161677
28	0.790419161677
29	0.784431137725
30	0.77245508982
31	0.808383233533
32	0.838323353293
33	0.874251497006
34	0.862275449102
35	0.850299401198
36	0.844311377246
37	0.850299401198
38	0.85628742515
39	0.85628742515
40	0.85628742515
41	0.85628742515
42	0.85628742515
43	0.85628742515
44	0.85628742515
45	0.85628742515
46	0.85628742515
47	0.85628742515
48	0.85628742515
49	0.850299401198
50	0.838323353293
51	0.844311377246
52	0.826347305389
53	0.820359281437
54	0.790419161677
55	0.682634730539
56	0.658682634731
57	0.586826347305
58	0.580838323353
59	0.580838323353
60	0.580838323353
61	0.580838323353
62	0.586826347305
63	0.580838323353
64	0.574850299401
65	0.568862275449
66	0.544910179641
67	0.658682634731
68	0.736526946108
69	0.790419161677
70	0.826347305389
71	0.850299401198
72	0.844311377246
73	0.844311377246
74	0.844311377246
75	0.850299401198
76	0.844311377246
77	0.838323353293
78	0.838323353293
79	0.838323353293
80	0.838323353293
81	0.838323353293
82	0.838323353293
83	0.844311377246
84	0.850299401198
85	0.850299401198
86	0.850299401198
87	0.85628742515
88	0.85628742515
89	0.850299401198
90	0.850299401198
91	0.850299401198
92	0.844311377246
93	0.844311377246
