0	0.5
1	0.375
2	0.375
3	0.34375
4	0.25
5	0.1875
6	0.21875
7	0.1875
8	0.1875
9	0.1875
10	0.1875
11	0.1875
12	0.1875
13	0.15625
14	0.15625
15	0.1875
16	0.21875
17	0.21875
18	0.21875
19	0.21875
20	0.21875
21	0.21875
22	0.1875
23	0.1875
24	0.1875
25	0.21875
26	0.21875
27	0.21875
28	0.21875
29	0.21875
30	0.28125
31	0.34375
32	0.375
33	0.4375
34	0.4375
35	0.4375
36	0.4375
37	0.375
38	0.4375
39	0.40625
40	0.40625
41	0.40625
42	0.40625
43	0.40625
44	0.40625
45	0.4375
46	0.375
47	0.375
48	0.375
49	0.375
50	0.375
51	0.375
52	0.4375
53	0.46875
54	0.5
55	0.5
56	0.46875
57	0.46875
58	0.46875
59	0.46875
60	0.46875
61	0.5
62	0.5625
63	0.53125
64	0.53125
65	0.53125
66	0.5625
67	0.59375
68	0.59375
69	0.53125
70	0.53125
71	0.53125
72	0.46875
73	0.46875
74	0.53125
75	0.53125
76	0.53125
77	0.5
78	0.5625
79	0.5625
80	0.53125
81	0.53125
82	0.53125
83	0.5
84	0.53125
85	0.53125
86	0.5625
87	0.5625
88	0.5625
89	0.59375
90	0.59375
91	0.59375
92	0.59375
93	0.59375