0	0.5
1	0.71875
2	0.75
3	0.6875
4	0.71875
5	0.75
6	0.75
7	0.75
8	0.78125
9	0.75
10	0.71875
11	0.6875
12	0.6875
13	0.6875
14	0.65625
15	0.625
16	0.625
17	0.625
18	0.625
19	0.625
20	0.625
21	0.59375
22	0.59375
23	0.625
24	0.625
25	0.625
26	0.625
27	0.625
28	0.625
29	0.625
30	0.625
31	0.625
32	0.625
33	0.625
34	0.625
35	0.625
36	0.625
37	0.65625
38	0.6875
39	0.6875
40	0.6875
41	0.6875
42	0.6875
43	0.6875
44	0.6875
45	0.6875
46	0.6875
47	0.6875
48	0.6875
49	0.6875
50	0.6875
51	0.71875
52	0.71875
53	0.71875
54	0.71875
55	0.71875
56	0.71875
57	0.6875
58	0.6875
59	0.6875
60	0.6875
61	0.6875
62	0.71875
63	0.6875
64	0.6875
65	0.6875
66	0.6875
67	0.6875
68	0.625
69	0.625
70	0.625
71	0.625
72	0.59375
73	0.59375
74	0.59375
75	0.625
76	0.625
77	0.625
78	0.65625
79	0.65625
80	0.65625
81	0.65625
82	0.65625
83	0.6875
84	0.71875
85	0.71875
86	0.71875
87	0.75
88	0.75
89	0.71875
90	0.71875
91	0.71875
92	0.71875
93	0.71875