0	0.173652694611
94	0.413173652695
95	0.407185628743
97	0.437125748503
99	0.455089820359
100	0.449101796407
102	0.449101796407
104	0.449101796407
106	0.449101796407
107	0.449101796407
108	0.449101796407
110	0.455089820359
111	0.461077844311
113	0.467065868263
114	0.467065868263
115	0.467065868263
116	0.467065868263
117	0.467065868263
119	0.467065868263
120	0.467065868263
122	0.467065868263
124	0.473053892216
126	0.473053892216
128	0.479041916168
129	0.497005988024
130	0.502994011976
131	0.502994011976
132	0.502994011976
133	0.497005988024
134	0.497005988024
135	0.497005988024
137	0.497005988024
138	0.497005988024
139	0.497005988024
140	0.491017964072
141	0.491017964072
143	0.491017964072
145	0.491017964072
147	0.497005988024
148	0.502994011976
149	0.502994011976
150	0.497005988024
151	0.497005988024
152	0.502994011976
153	0.502994011976
154	0.497005988024
156	0.497005988024
157	0.502994011976
158	0.502994011976
159	0.502994011976
160	0.502994011976
161	0.508982035928
162	0.508982035928
163	0.508982035928
164	0.538922155689
165	0.592814371257
166	0.616766467066
167	0.616766467066
168	0.616766467066
169	0.616766467066
170	0.616766467066
172	0.604790419162
174	0.604790419162
175	0.604790419162
176	0.604790419162
177	0.610778443114
178	0.610778443114
179	0.610778443114
180	0.610778443114
181	0.604790419162
182	0.604790419162
183	0.610778443114
185	0.610778443114
186	0.610778443114
187	0.610778443114
188	0.610778443114
189	0.604790419162
190	0.604790419162
191	0.604790419162
192	0.604790419162
193	0.604790419162
194	0.604790419162
195	0.604790419162
196	0.604790419162
197	0.604790419162
198	0.604790419162
199	0.604790419162
200	0.604790419162
202	0.59880239521
204	0.604790419162
206	0.616766467066
208	0.610778443114
209	0.640718562874
212	0.652694610778
214	0.652694610778
215	0.652694610778
216	0.652694610778
217	0.646706586826
218	0.646706586826
219	0.646706586826
220	0.652694610778
221	0.652694610778
222	0.652694610778
223	0.652694610778
224	0.652694610778
225	0.652694610778
226	0.652694610778
227	0.652694610778
228	0.652694610778
229	0.646706586826
230	0.646706586826
231	0.652694610778
232	0.652694610778
233	0.658682634731
234	0.658682634731
235	0.658682634731
236	0.658682634731
237	0.658682634731
238	0.658682634731
239	0.658682634731
240	0.658682634731
241	0.658682634731
242	0.658682634731
244	0.658682634731
245	0.700598802395
246	0.754491017964
247	0.802395209581
248	0.820359281437
249	0.832335329341
250	0.850299401198
251	0.850299401198
252	0.850299401198
253	0.850299401198
254	0.850299401198
255	0.868263473054
256	0.874251497006
257	0.874251497006
258	0.874251497006
259	0.880239520958
260	0.880239520958
261	0.88622754491
262	0.892215568862
263	0.898203592814
264	0.898203592814
265	0.898203592814
266	0.898203592814
267	0.898203592814
268	0.898203592814
269	0.898203592814
270	0.898203592814
271	0.898203592814
272	0.898203592814
273	0.898203592814
274	0.898203592814
275	0.898203592814
276	0.892215568862
277	0.892215568862
278	0.892215568862
279	0.892215568862
280	0.892215568862
281	0.892215568862
282	0.892215568862
283	0.898203592814
284	0.898203592814
285	0.898203592814
286	0.898203592814
287	0.898203592814
288	0.892215568862
289	0.892215568862
290	0.892215568862
291	0.892215568862
292	0.892215568862
293	0.892215568862
294	0.892215568862
295	0.892215568862
296	0.892215568862
297	0.892215568862
298	0.892215568862
299	0.892215568862
300	0.892215568862
301	0.892215568862
302	0.892215568862
303	0.892215568862
304	0.892215568862
305	0.892215568862
306	0.892215568862
307	0.892215568862
308	0.892215568862
309	0.892215568862
310	0.892215568862
311	0.892215568862
312	0.892215568862
313	0.892215568862
314	0.892215568862
315	0.892215568862
316	0.892215568862
318	0.898203592814
320	0.898203592814
322	0.898203592814
323	0.904191616766
324	0.904191616766
325	0.904191616766
326	0.904191616766
327	0.904191616766
328	0.904191616766
329	0.904191616766
330	0.904191616766
331	0.904191616766
332	0.904191616766
333	0.904191616766
334	0.904191616766
335	0.904191616766
336	0.904191616766
337	0.904191616766
338	0.904191616766
339	0.904191616766
340	0.904191616766
341	0.904191616766
342	0.904191616766
343	0.904191616766
344	0.904191616766
345	0.904191616766
346	0.904191616766
347	0.904191616766
348	0.904191616766
349	0.904191616766
350	0.904191616766
351	0.904191616766
352	0.904191616766
353	0.904191616766
354	0.904191616766
355	0.904191616766
356	0.904191616766
357	0.904191616766
358	0.904191616766
359	0.904191616766
360	0.910179640719
361	0.910179640719
362	0.910179640719
363	0.910179640719
364	0.910179640719
365	0.916167664671
366	0.910179640719
367	0.910179640719
368	0.910179640719
369	0.910179640719
370	0.910179640719
371	0.910179640719
372	0.910179640719
373	0.910179640719
374	0.910179640719
375	0.910179640719
376	0.910179640719
377	0.910179640719
378	0.910179640719
379	0.910179640719
380	0.910179640719
381	0.910179640719
382	0.910179640719
383	0.910179640719
384	0.910179640719
385	0.910179640719
386	0.910179640719
387	0.910179640719
388	0.910179640719
389	0.910179640719
390	0.910179640719
391	0.910179640719
392	0.910179640719
393	0.910179640719
394	0.910179640719
395	0.910179640719
396	0.910179640719
397	0.910179640719
398	0.910179640719
399	0.910179640719
400	0.910179640719
401	0.910179640719
402	0.910179640719
403	0.910179640719
404	0.910179640719
405	0.910179640719
406	0.910179640719
407	0.910179640719
408	0.910179640719
409	0.910179640719
410	0.910179640719
411	0.910179640719
412	0.910179640719
413	0.910179640719
414	0.910179640719
415	0.910179640719
416	0.910179640719
417	0.910179640719
418	0.910179640719
419	0.910179640719
420	0.910179640719
421	0.910179640719
422	0.910179640719
423	0.910179640719
424	0.910179640719
425	0.910179640719
426	0.910179640719
431	0.910179640719
432	0.910179640719
433	0.910179640719
437	0.910179640719
439	0.916167664671
442	0.916167664671
444	0.916167664671
446	0.916167664671
447	0.916167664671
448	0.916167664671
