0	0.5
94	0.625
95	0.625
97	0.625
99	0.625
100	0.625
102	0.625
104	0.625
106	0.625
107	0.625
108	0.625
110	0.625
111	0.65625
113	0.65625
114	0.65625
115	0.65625
116	0.65625
117	0.65625
119	0.65625
120	0.65625
122	0.65625
124	0.65625
126	0.65625
128	0.65625
129	0.65625
130	0.65625
131	0.65625
132	0.65625
133	0.65625
134	0.65625
135	0.65625
137	0.65625
138	0.65625
139	0.65625
140	0.65625
141	0.65625
143	0.65625
145	0.65625
147	0.65625
148	0.6875
149	0.6875
150	0.6875
151	0.6875
152	0.71875
153	0.71875
154	0.6875
156	0.6875
157	0.71875
158	0.71875
159	0.71875
160	0.71875
161	0.71875
162	0.71875
163	0.71875
164	0.71875
165	0.71875
166	0.71875
167	0.71875
168	0.71875
169	0.71875
170	0.71875
172	0.71875
174	0.71875
175	0.71875
176	0.71875
177	0.71875
178	0.71875
179	0.71875
180	0.71875
181	0.71875
182	0.71875
183	0.71875
185	0.71875
186	0.71875
187	0.71875
188	0.71875
189	0.6875
190	0.6875
191	0.6875
192	0.6875
193	0.6875
194	0.6875
195	0.6875
196	0.6875
197	0.6875
198	0.6875
199	0.6875
200	0.6875
202	0.6875
204	0.6875
206	0.6875
208	0.6875
209	0.6875
212	0.6875
214	0.6875
215	0.6875
216	0.6875
217	0.6875
218	0.6875
219	0.6875
220	0.6875
221	0.6875
222	0.6875
223	0.6875
224	0.6875
225	0.6875
226	0.6875
227	0.6875
228	0.6875
229	0.6875
230	0.6875
231	0.6875
232	0.6875
233	0.71875
234	0.71875
235	0.71875
236	0.71875
237	0.71875
238	0.71875
239	0.71875
240	0.71875
241	0.71875
242	0.71875
244	0.71875
245	0.6875
246	0.6875
247	0.6875
248	0.6875
249	0.6875
250	0.6875
251	0.6875
252	0.6875
253	0.6875
254	0.6875
255	0.6875
256	0.6875
257	0.6875
258	0.6875
259	0.6875
260	0.6875
261	0.6875
262	0.71875
263	0.6875
264	0.6875
265	0.6875
266	0.6875
267	0.6875
268	0.6875
269	0.71875
270	0.71875
271	0.71875
272	0.71875
273	0.71875
274	0.71875
275	0.71875
276	0.6875
277	0.6875
278	0.6875
279	0.6875
280	0.6875
281	0.6875
282	0.6875
283	0.71875
284	0.71875
285	0.71875
286	0.71875
287	0.71875
288	0.6875
289	0.6875
290	0.6875
291	0.6875
292	0.6875
293	0.6875
294	0.6875
295	0.6875
296	0.6875
297	0.6875
298	0.6875
299	0.6875
300	0.6875
301	0.6875
302	0.6875
303	0.6875
304	0.6875
305	0.6875
306	0.6875
307	0.6875
308	0.6875
309	0.6875
310	0.6875
311	0.6875
312	0.6875
313	0.6875
314	0.6875
315	0.6875
316	0.6875
318	0.65625
320	0.65625
322	0.65625
323	0.65625
324	0.65625
325	0.65625
326	0.65625
327	0.65625
328	0.65625
329	0.65625
330	0.65625
331	0.65625
332	0.65625
333	0.65625
334	0.65625
335	0.65625
336	0.65625
337	0.65625
338	0.65625
339	0.65625
340	0.65625
341	0.65625
342	0.65625
343	0.65625
344	0.65625
345	0.65625
346	0.65625
347	0.65625
348	0.65625
349	0.65625
350	0.65625
351	0.65625
352	0.65625
353	0.65625
354	0.65625
355	0.65625
356	0.65625
357	0.65625
358	0.65625
359	0.65625
360	0.65625
361	0.65625
362	0.625
363	0.625
364	0.625
365	0.65625
366	0.625
367	0.625
368	0.625
369	0.625
370	0.625
371	0.625
372	0.625
373	0.625
374	0.625
375	0.625
376	0.625
377	0.625
378	0.625
379	0.625
380	0.625
381	0.625
382	0.625
383	0.625
384	0.625
385	0.625
386	0.625
387	0.625
388	0.625
389	0.625
390	0.625
391	0.625
392	0.625
393	0.625
394	0.625
395	0.625
396	0.625
397	0.625
398	0.625
399	0.625
400	0.625
401	0.625
402	0.625
403	0.625
404	0.625
405	0.625
406	0.625
407	0.625
408	0.625
409	0.625
410	0.625
411	0.625
412	0.625
413	0.625
414	0.625
415	0.625
416	0.625
417	0.625
418	0.625
419	0.625
420	0.625
421	0.625
422	0.625
423	0.625
424	0.625
425	0.625
426	0.625
431	0.625
432	0.625
433	0.625
437	0.625
439	0.65625
442	0.65625
444	0.65625
446	0.65625
447	0.65625
448	0.65625