0	0.173652694611
94	0.443113772455
95	0.437125748503
96	0.437125748503
97	0.437125748503
98	0.449101796407
99	0.455089820359
100	0.455089820359
101	0.461077844311
102	0.461077844311
103	0.461077844311
104	0.461077844311
105	0.461077844311
106	0.467065868263
107	0.473053892216
108	0.473053892216
109	0.473053892216
110	0.473053892216
111	0.473053892216
112	0.473053892216
113	0.473053892216
115	0.497005988024
116	0.497005988024
117	0.497005988024
118	0.568862275449
119	0.568862275449
120	0.568862275449
121	0.568862275449
122	0.568862275449
123	0.574850299401
124	0.574850299401
125	0.574850299401
126	0.574850299401
127	0.634730538922
128	0.634730538922
129	0.664670658683
130	0.664670658683
131	0.664670658683
132	0.706586826347
134	0.712574850299
135	0.712574850299
136	0.712574850299
137	0.712574850299
138	0.77245508982
139	0.77245508982
140	0.77245508982
141	0.77245508982
142	0.77245508982
143	0.820359281437
144	0.820359281437
145	0.820359281437
146	0.820359281437
147	0.814371257485
148	0.814371257485
149	0.838323353293
150	0.838323353293
151	0.838323353293
152	0.838323353293
153	0.850299401198
154	0.850299401198
156	0.862275449102
157	0.85628742515
159	0.85628742515
160	0.85628742515
161	0.85628742515
162	0.85628742515
163	0.85628742515
165	0.85628742515
166	0.85628742515
167	0.85628742515
169	0.85628742515
170	0.862275449102
171	0.868263473054
172	0.868263473054
173	0.862275449102
174	0.862275449102
176	0.862275449102
177	0.862275449102
178	0.862275449102
179	0.862275449102
180	0.85628742515
181	0.85628742515
182	0.85628742515
184	0.85628742515
185	0.85628742515
187	0.862275449102
188	0.85628742515
189	0.85628742515
191	0.85628742515
192	0.862275449102
193	0.862275449102
194	0.862275449102
195	0.862275449102
196	0.862275449102
197	0.862275449102
198	0.862275449102
199	0.862275449102
200	0.862275449102
202	0.862275449102
203	0.862275449102
204	0.862275449102
205	0.862275449102
207	0.862275449102
208	0.862275449102
209	0.862275449102
211	0.85628742515
212	0.85628742515
213	0.85628742515
214	0.85628742515
215	0.85628742515
216	0.85628742515
217	0.85628742515
219	0.85628742515
220	0.85628742515
221	0.85628742515
222	0.85628742515
223	0.85628742515
224	0.85628742515
225	0.85628742515
226	0.85628742515
227	0.85628742515
228	0.85628742515
229	0.85628742515
230	0.874251497006
231	0.880239520958
232	0.880239520958
233	0.88622754491
234	0.880239520958
235	0.880239520958
236	0.88622754491
238	0.892215568862
239	0.898203592814
240	0.904191616766
241	0.904191616766
243	0.898203592814
244	0.898203592814
245	0.898203592814
246	0.898203592814
247	0.898203592814
248	0.898203592814
250	0.898203592814
251	0.898203592814
252	0.898203592814
253	0.898203592814
254	0.898203592814
255	0.898203592814
256	0.898203592814
257	0.898203592814
258	0.898203592814
259	0.904191616766
260	0.898203592814
261	0.898203592814
262	0.892215568862
263	0.892215568862
264	0.892215568862
266	0.892215568862
267	0.892215568862
268	0.892215568862
269	0.892215568862
270	0.892215568862
271	0.892215568862
272	0.892215568862
274	0.898203592814
275	0.892215568862
276	0.892215568862
277	0.892215568862
278	0.892215568862
279	0.88622754491
280	0.88622754491
281	0.88622754491
282	0.88622754491
283	0.892215568862
284	0.898203592814
285	0.898203592814
286	0.898203592814
287	0.898203592814
288	0.892215568862
289	0.892215568862
290	0.892215568862
291	0.892215568862
292	0.892215568862
294	0.88622754491
295	0.892215568862
296	0.892215568862
297	0.892215568862
298	0.892215568862
299	0.892215568862
300	0.892215568862
301	0.892215568862
302	0.898203592814
303	0.904191616766
304	0.904191616766
305	0.904191616766
306	0.904191616766
307	0.904191616766
308	0.904191616766
309	0.904191616766
311	0.904191616766
312	0.904191616766
313	0.904191616766
314	0.904191616766
315	0.904191616766
316	0.904191616766
317	0.904191616766
318	0.904191616766
319	0.904191616766
320	0.904191616766
321	0.904191616766
322	0.904191616766
323	0.904191616766
324	0.904191616766
326	0.904191616766
327	0.904191616766
328	0.904191616766
329	0.904191616766
330	0.904191616766
335	0.898203592814
336	0.898203592814
337	0.898203592814
338	0.898203592814
339	0.898203592814
340	0.898203592814
341	0.898203592814
342	0.898203592814
343	0.910179640719
344	0.910179640719
345	0.910179640719
347	0.910179640719
349	0.910179640719
350	0.904191616766
351	0.904191616766
352	0.904191616766
353	0.904191616766
354	0.904191616766
355	0.904191616766
356	0.904191616766
358	0.904191616766
359	0.904191616766
360	0.904191616766
361	0.910179640719
362	0.910179640719
363	0.910179640719
364	0.910179640719
366	0.910179640719
367	0.910179640719
368	0.910179640719
369	0.910179640719
370	0.910179640719
371	0.910179640719
372	0.910179640719
373	0.910179640719
374	0.910179640719
375	0.904191616766
376	0.904191616766
377	0.904191616766
378	0.904191616766
379	0.904191616766
380	0.904191616766
381	0.904191616766
382	0.904191616766
383	0.904191616766
384	0.904191616766
385	0.904191616766
386	0.904191616766
387	0.904191616766
388	0.904191616766
389	0.904191616766
390	0.904191616766
391	0.904191616766
393	0.904191616766
394	0.904191616766
395	0.904191616766
396	0.904191616766
397	0.904191616766
398	0.904191616766
399	0.904191616766
400	0.904191616766
401	0.904191616766
402	0.904191616766
403	0.904191616766
404	0.904191616766
405	0.904191616766
407	0.904191616766
408	0.904191616766
410	0.898203592814
411	0.898203592814
412	0.898203592814
414	0.898203592814
417	0.898203592814
418	0.904191616766
420	0.904191616766
424	0.904191616766
425	0.904191616766
427	0.904191616766
428	0.904191616766
429	0.904191616766
430	0.904191616766
431	0.904191616766
432	0.904191616766
433	0.904191616766
434	0.904191616766
435	0.904191616766
436	0.910179640719
437	0.910179640719
438	0.910179640719
439	0.910179640719
440	0.910179640719
441	0.910179640719
442	0.910179640719
443	0.916167664671
446	0.916167664671
447	0.916167664671
448	0.916167664671
