0	0.173652694611
95	0.413173652695
96	0.413173652695
97	0.413173652695
98	0.413173652695
99	0.413173652695
100	0.413173652695
101	0.419161676647
102	0.419161676647
104	0.419161676647
105	0.419161676647
106	0.419161676647
107	0.419161676647
109	0.419161676647
110	0.419161676647
111	0.413173652695
112	0.413173652695
113	0.413173652695
114	0.413173652695
115	0.413173652695
116	0.461077844311
117	0.48502994012
118	0.48502994012
119	0.48502994012
120	0.48502994012
121	0.491017964072
122	0.491017964072
123	0.491017964072
124	0.491017964072
125	0.491017964072
126	0.491017964072
127	0.491017964072
128	0.574850299401
129	0.574850299401
130	0.574850299401
131	0.574850299401
132	0.62874251497
134	0.574850299401
135	0.574850299401
136	0.574850299401
137	0.574850299401
138	0.574850299401
139	0.574850299401
140	0.574850299401
141	0.574850299401
142	0.574850299401
143	0.574850299401
144	0.574850299401
145	0.616766467066
146	0.610778443114
147	0.610778443114
148	0.610778443114
149	0.610778443114
150	0.610778443114
151	0.610778443114
152	0.610778443114
153	0.610778443114
154	0.610778443114
156	0.610778443114
157	0.640718562874
158	0.640718562874
159	0.640718562874
160	0.640718562874
161	0.640718562874
162	0.640718562874
163	0.640718562874
165	0.640718562874
166	0.640718562874
167	0.640718562874
169	0.646706586826
171	0.652694610778
172	0.652694610778
173	0.652694610778
174	0.706586826347
176	0.700598802395
177	0.700598802395
178	0.700598802395
179	0.694610778443
180	0.694610778443
181	0.730538922156
182	0.730538922156
183	0.796407185629
184	0.796407185629
185	0.796407185629
186	0.796407185629
187	0.796407185629
188	0.796407185629
189	0.820359281437
190	0.820359281437
191	0.820359281437
192	0.826347305389
193	0.826347305389
194	0.826347305389
195	0.832335329341
196	0.832335329341
197	0.838323353293
198	0.838323353293
199	0.844311377246
200	0.844311377246
202	0.838323353293
203	0.85628742515
205	0.874251497006
206	0.868263473054
207	0.874251497006
212	0.850299401198
213	0.85628742515
214	0.85628742515
215	0.85628742515
216	0.850299401198
217	0.850299401198
219	0.862275449102
220	0.880239520958
221	0.880239520958
222	0.880239520958
223	0.880239520958
224	0.880239520958
225	0.880239520958
228	0.85628742515
229	0.85628742515
230	0.862275449102
231	0.868263473054
232	0.868263473054
233	0.880239520958
234	0.880239520958
235	0.880239520958
236	0.874251497006
237	0.874251497006
239	0.874251497006
241	0.880239520958
242	0.874251497006
243	0.874251497006
245	0.874251497006
246	0.874251497006
247	0.874251497006
248	0.874251497006
249	0.874251497006
251	0.880239520958
252	0.880239520958
253	0.880239520958
254	0.880239520958
255	0.880239520958
256	0.880239520958
257	0.880239520958
258	0.88622754491
259	0.880239520958
260	0.880239520958
261	0.880239520958
262	0.880239520958
263	0.880239520958
264	0.880239520958
265	0.880239520958
266	0.880239520958
267	0.880239520958
268	0.880239520958
269	0.880239520958
271	0.880239520958
272	0.880239520958
273	0.880239520958
274	0.880239520958
275	0.880239520958
276	0.880239520958
277	0.880239520958
278	0.880239520958
279	0.880239520958
280	0.88622754491
281	0.88622754491
283	0.88622754491
284	0.88622754491
285	0.88622754491
286	0.88622754491
287	0.898203592814
289	0.898203592814
290	0.898203592814
291	0.898203592814
292	0.898203592814
293	0.898203592814
294	0.898203592814
295	0.898203592814
296	0.898203592814
297	0.898203592814
298	0.898203592814
300	0.898203592814
301	0.892215568862
302	0.892215568862
303	0.892215568862
304	0.892215568862
305	0.892215568862
306	0.892215568862
307	0.892215568862
309	0.892215568862
310	0.892215568862
311	0.892215568862
312	0.892215568862
313	0.898203592814
314	0.898203592814
315	0.910179640719
316	0.910179640719
317	0.910179640719
319	0.910179640719
320	0.910179640719
321	0.910179640719
322	0.910179640719
323	0.910179640719
324	0.910179640719
325	0.910179640719
326	0.910179640719
328	0.910179640719
329	0.910179640719
330	0.910179640719
332	0.904191616766
333	0.904191616766
334	0.898203592814
335	0.898203592814
336	0.898203592814
337	0.898203592814
338	0.898203592814
339	0.898203592814
340	0.898203592814
341	0.904191616766
342	0.904191616766
343	0.904191616766
344	0.904191616766
345	0.904191616766
347	0.904191616766
348	0.904191616766
349	0.904191616766
350	0.904191616766
351	0.904191616766
355	0.88622754491
356	0.88622754491
357	0.88622754491
358	0.88622754491
359	0.88622754491
360	0.892215568862
361	0.892215568862
362	0.892215568862
363	0.892215568862
364	0.892215568862
365	0.892215568862
366	0.892215568862
367	0.892215568862
368	0.898203592814
369	0.898203592814
370	0.898203592814
371	0.898203592814
372	0.898203592814
373	0.904191616766
375	0.904191616766
376	0.904191616766
377	0.904191616766
379	0.904191616766
380	0.904191616766
381	0.904191616766
382	0.904191616766
384	0.904191616766
386	0.904191616766
387	0.904191616766
388	0.904191616766
389	0.904191616766
390	0.904191616766
391	0.904191616766
392	0.904191616766
393	0.904191616766
394	0.904191616766
395	0.904191616766
396	0.910179640719
397	0.910179640719
398	0.910179640719
399	0.910179640719
400	0.910179640719
401	0.910179640719
403	0.910179640719
404	0.910179640719
405	0.910179640719
406	0.910179640719
407	0.916167664671
409	0.916167664671
410	0.916167664671
411	0.916167664671
412	0.916167664671
413	0.916167664671
414	0.916167664671
415	0.916167664671
418	0.916167664671
419	0.916167664671
420	0.916167664671
421	0.916167664671
422	0.916167664671
423	0.916167664671
424	0.916167664671
425	0.916167664671
426	0.916167664671
427	0.916167664671
428	0.916167664671
429	0.916167664671
430	0.916167664671
431	0.916167664671
432	0.916167664671
433	0.916167664671
434	0.916167664671
436	0.916167664671
437	0.916167664671
438	0.916167664671
439	0.916167664671
440	0.922155688623
441	0.922155688623
442	0.922155688623
443	0.922155688623
444	0.922155688623
445	0.916167664671
446	0.916167664671
447	0.916167664671
448	0.916167664671
