0	0.173652694611
94	0.413173652695
96	0.413173652695
97	0.413173652695
99	0.413173652695
100	0.419161676647
102	0.419161676647
103	0.419161676647
104	0.425149700599
105	0.425149700599
106	0.425149700599
107	0.425149700599
108	0.425149700599
109	0.425149700599
110	0.425149700599
111	0.425149700599
112	0.425149700599
113	0.467065868263
114	0.467065868263
115	0.467065868263
116	0.473053892216
117	0.473053892216
118	0.473053892216
119	0.473053892216
120	0.473053892216
121	0.497005988024
122	0.574850299401
123	0.574850299401
124	0.580838323353
125	0.574850299401
126	0.580838323353
127	0.580838323353
128	0.580838323353
129	0.580838323353
130	0.580838323353
131	0.580838323353
132	0.568862275449
133	0.568862275449
134	0.568862275449
135	0.568862275449
136	0.604790419162
137	0.604790419162
138	0.604790419162
139	0.604790419162
141	0.604790419162
142	0.634730538922
143	0.634730538922
145	0.682634730539
146	0.682634730539
147	0.682634730539
148	0.682634730539
149	0.682634730539
151	0.682634730539
152	0.682634730539
153	0.688622754491
154	0.688622754491
155	0.688622754491
156	0.688622754491
157	0.688622754491
158	0.682634730539
159	0.688622754491
160	0.688622754491
161	0.688622754491
162	0.74251497006
163	0.74251497006
164	0.74251497006
165	0.74251497006
166	0.74251497006
167	0.74251497006
168	0.74251497006
169	0.74251497006
170	0.74251497006
171	0.74251497006
172	0.808383233533
173	0.826347305389
174	0.826347305389
175	0.838323353293
176	0.838323353293
177	0.838323353293
178	0.838323353293
179	0.838323353293
180	0.838323353293
181	0.838323353293
182	0.838323353293
183	0.838323353293
184	0.838323353293
185	0.838323353293
186	0.838323353293
187	0.838323353293
189	0.838323353293
190	0.838323353293
191	0.838323353293
192	0.838323353293
193	0.838323353293
195	0.838323353293
196	0.838323353293
197	0.850299401198
198	0.850299401198
199	0.850299401198
200	0.850299401198
201	0.850299401198
202	0.850299401198
203	0.850299401198
205	0.850299401198
206	0.850299401198
208	0.850299401198
209	0.850299401198
210	0.850299401198
211	0.850299401198
212	0.850299401198
213	0.844311377246
214	0.844311377246
219	0.820359281437
220	0.826347305389
221	0.826347305389
222	0.826347305389
223	0.826347305389
224	0.838323353293
225	0.838323353293
226	0.838323353293
227	0.850299401198
229	0.850299401198
230	0.850299401198
231	0.850299401198
232	0.850299401198
233	0.850299401198
234	0.844311377246
235	0.844311377246
236	0.838323353293
240	0.826347305389
241	0.826347305389
244	0.826347305389
245	0.820359281437
246	0.820359281437
247	0.820359281437
248	0.820359281437
249	0.820359281437
251	0.808383233533
252	0.814371257485
253	0.814371257485
254	0.814371257485
255	0.820359281437
256	0.820359281437
258	0.808383233533
259	0.802395209581
260	0.808383233533
261	0.808383233533
262	0.808383233533
263	0.802395209581
264	0.814371257485
265	0.820359281437
266	0.820359281437
267	0.820359281437
268	0.814371257485
269	0.814371257485
270	0.820359281437
271	0.814371257485
272	0.814371257485
273	0.814371257485
274	0.826347305389
275	0.826347305389
276	0.826347305389
277	0.826347305389
278	0.826347305389
279	0.826347305389
280	0.826347305389
281	0.826347305389
282	0.820359281437
283	0.820359281437
285	0.820359281437
286	0.826347305389
287	0.826347305389
288	0.826347305389
289	0.826347305389
291	0.826347305389
292	0.826347305389
293	0.826347305389
294	0.826347305389
295	0.826347305389
296	0.826347305389
297	0.826347305389
298	0.826347305389
299	0.826347305389
301	0.832335329341
302	0.826347305389
303	0.826347305389
304	0.826347305389
305	0.826347305389
307	0.832335329341
309	0.850299401198
310	0.850299401198
311	0.850299401198
312	0.850299401198
313	0.850299401198
314	0.850299401198
315	0.850299401198
316	0.85628742515
317	0.85628742515
318	0.85628742515
319	0.85628742515
320	0.85628742515
322	0.85628742515
323	0.85628742515
324	0.85628742515
325	0.85628742515
326	0.85628742515
327	0.85628742515
328	0.85628742515
329	0.85628742515
330	0.85628742515
331	0.85628742515
332	0.85628742515
333	0.85628742515
335	0.85628742515
336	0.85628742515
337	0.85628742515
338	0.85628742515
339	0.85628742515
341	0.85628742515
342	0.85628742515
343	0.85628742515
344	0.85628742515
346	0.85628742515
347	0.85628742515
349	0.85628742515
350	0.85628742515
351	0.862275449102
352	0.868263473054
353	0.868263473054
355	0.868263473054
356	0.880239520958
357	0.880239520958
358	0.880239520958
359	0.880239520958
360	0.88622754491
361	0.88622754491
363	0.88622754491
364	0.880239520958
365	0.880239520958
366	0.880239520958
367	0.880239520958
368	0.880239520958
369	0.880239520958
371	0.880239520958
372	0.880239520958
374	0.874251497006
375	0.874251497006
376	0.874251497006
377	0.874251497006
378	0.874251497006
379	0.874251497006
380	0.874251497006
381	0.874251497006
382	0.874251497006
383	0.874251497006
384	0.874251497006
385	0.88622754491
386	0.88622754491
389	0.88622754491
390	0.892215568862
391	0.892215568862
392	0.892215568862
393	0.892215568862
395	0.892215568862
396	0.892215568862
397	0.892215568862
398	0.898203592814
399	0.892215568862
400	0.892215568862
401	0.898203592814
402	0.898203592814
403	0.898203592814
404	0.898203592814
405	0.898203592814
406	0.898203592814
407	0.898203592814
408	0.898203592814
409	0.898203592814
410	0.898203592814
411	0.898203592814
413	0.904191616766
414	0.904191616766
415	0.910179640719
416	0.910179640719
417	0.910179640719
418	0.910179640719
419	0.910179640719
420	0.910179640719
421	0.910179640719
422	0.910179640719
423	0.910179640719
424	0.910179640719
425	0.910179640719
426	0.910179640719
427	0.910179640719
428	0.910179640719
430	0.910179640719
431	0.910179640719
432	0.910179640719
433	0.898203592814
434	0.898203592814
436	0.898203592814
437	0.898203592814
438	0.898203592814
439	0.898203592814
441	0.904191616766
442	0.904191616766
443	0.910179640719
444	0.910179640719
445	0.910179640719
446	0.910179640719
447	0.916167664671
448	0.916167664671
