0	0.173652694611
94	0.407185628743
95	0.407185628743
96	0.407185628743
97	0.413173652695
98	0.413173652695
99	0.461077844311
100	0.461077844311
101	0.455089820359
102	0.455089820359
103	0.455089820359
104	0.455089820359
105	0.455089820359
106	0.455089820359
107	0.455089820359
108	0.455089820359
109	0.461077844311
110	0.461077844311
112	0.467065868263
113	0.473053892216
114	0.473053892216
115	0.479041916168
116	0.479041916168
117	0.479041916168
118	0.479041916168
120	0.473053892216
121	0.473053892216
122	0.479041916168
123	0.473053892216
124	0.473053892216
125	0.502994011976
126	0.502994011976
128	0.508982035928
129	0.508982035928
130	0.574850299401
131	0.574850299401
132	0.574850299401
133	0.580838323353
134	0.580838323353
135	0.580838323353
136	0.634730538922
137	0.634730538922
138	0.634730538922
139	0.634730538922
140	0.634730538922
141	0.634730538922
142	0.634730538922
143	0.62874251497
144	0.652694610778
145	0.652694610778
146	0.652694610778
147	0.652694610778
148	0.688622754491
149	0.74251497006
150	0.74251497006
151	0.74251497006
153	0.802395209581
154	0.826347305389
155	0.838323353293
156	0.844311377246
157	0.844311377246
158	0.850299401198
159	0.850299401198
161	0.850299401198
162	0.844311377246
163	0.844311377246
164	0.838323353293
166	0.844311377246
167	0.844311377246
168	0.844311377246
170	0.850299401198
172	0.844311377246
173	0.862275449102
175	0.862275449102
176	0.862275449102
178	0.862275449102
179	0.862275449102
180	0.868263473054
181	0.868263473054
182	0.868263473054
183	0.868263473054
184	0.868263473054
185	0.874251497006
186	0.868263473054
188	0.874251497006
189	0.874251497006
190	0.874251497006
191	0.868263473054
192	0.868263473054
194	0.868263473054
195	0.868263473054
196	0.868263473054
197	0.868263473054
198	0.868263473054
199	0.868263473054
200	0.874251497006
201	0.874251497006
202	0.874251497006
203	0.868263473054
204	0.868263473054
205	0.868263473054
207	0.874251497006
211	0.868263473054
212	0.868263473054
213	0.868263473054
215	0.868263473054
216	0.868263473054
217	0.868263473054
218	0.868263473054
219	0.868263473054
220	0.880239520958
221	0.880239520958
222	0.880239520958
223	0.880239520958
224	0.880239520958
225	0.880239520958
226	0.88622754491
227	0.892215568862
228	0.892215568862
229	0.892215568862
230	0.892215568862
231	0.892215568862
232	0.892215568862
234	0.892215568862
235	0.892215568862
236	0.892215568862
237	0.892215568862
238	0.892215568862
239	0.892215568862
240	0.892215568862
241	0.892215568862
242	0.892215568862
243	0.892215568862
244	0.892215568862
245	0.898203592814
246	0.892215568862
247	0.892215568862
248	0.892215568862
249	0.88622754491
250	0.88622754491
251	0.88622754491
252	0.88622754491
253	0.88622754491
254	0.88622754491
255	0.88622754491
256	0.880239520958
257	0.880239520958
258	0.880239520958
259	0.880239520958
260	0.880239520958
261	0.880239520958
262	0.880239520958
263	0.880239520958
264	0.880239520958
265	0.880239520958
266	0.880239520958
267	0.880239520958
269	0.880239520958
270	0.880239520958
271	0.880239520958
272	0.880239520958
273	0.880239520958
275	0.88622754491
276	0.88622754491
277	0.88622754491
279	0.88622754491
280	0.88622754491
281	0.88622754491
282	0.88622754491
284	0.88622754491
285	0.88622754491
286	0.88622754491
287	0.88622754491
288	0.88622754491
290	0.880239520958
291	0.880239520958
292	0.874251497006
293	0.868263473054
294	0.868263473054
295	0.868263473054
296	0.868263473054
297	0.868263473054
298	0.868263473054
299	0.880239520958
300	0.880239520958
301	0.880239520958
302	0.880239520958
303	0.880239520958
304	0.88622754491
305	0.88622754491
306	0.88622754491
307	0.892215568862
308	0.892215568862
309	0.892215568862
310	0.892215568862
311	0.892215568862
312	0.892215568862
313	0.892215568862
314	0.892215568862
316	0.88622754491
317	0.88622754491
318	0.88622754491
319	0.88622754491
321	0.88622754491
323	0.892215568862
324	0.892215568862
325	0.892215568862
326	0.892215568862
327	0.892215568862
328	0.892215568862
329	0.892215568862
330	0.892215568862
331	0.898203592814
332	0.892215568862
333	0.892215568862
334	0.892215568862
335	0.892215568862
336	0.892215568862
339	0.892215568862
340	0.892215568862
341	0.892215568862
343	0.892215568862
344	0.892215568862
345	0.892215568862
346	0.892215568862
347	0.892215568862
348	0.892215568862
349	0.892215568862
350	0.892215568862
351	0.898203592814
352	0.898203592814
353	0.892215568862
354	0.904191616766
355	0.904191616766
357	0.904191616766
358	0.904191616766
359	0.904191616766
360	0.904191616766
361	0.904191616766
362	0.904191616766
363	0.904191616766
364	0.898203592814
365	0.898203592814
366	0.898203592814
367	0.898203592814
368	0.898203592814
369	0.898203592814
370	0.898203592814
371	0.904191616766
372	0.904191616766
373	0.904191616766
374	0.904191616766
375	0.904191616766
376	0.904191616766
377	0.910179640719
378	0.910179640719
379	0.910179640719
381	0.910179640719
382	0.910179640719
383	0.910179640719
385	0.910179640719
386	0.910179640719
387	0.910179640719
388	0.910179640719
389	0.910179640719
390	0.910179640719
391	0.910179640719
392	0.910179640719
393	0.910179640719
394	0.910179640719
395	0.910179640719
396	0.910179640719
397	0.904191616766
398	0.904191616766
399	0.910179640719
400	0.910179640719
401	0.910179640719
402	0.910179640719
403	0.910179640719
404	0.910179640719
405	0.910179640719
406	0.910179640719
411	0.910179640719
412	0.910179640719
414	0.910179640719
415	0.910179640719
417	0.910179640719
419	0.910179640719
420	0.910179640719
421	0.910179640719
422	0.910179640719
423	0.910179640719
424	0.910179640719
425	0.910179640719
426	0.910179640719
427	0.910179640719
428	0.910179640719
430	0.910179640719
431	0.910179640719
432	0.910179640719
433	0.910179640719
435	0.910179640719
436	0.910179640719
437	0.910179640719
438	0.904191616766
439	0.904191616766
440	0.904191616766
441	0.904191616766
442	0.904191616766
445	0.910179640719
446	0.922155688623
447	0.916167664671
448	0.916167664671
