0 0.173652694611
95 0.423952095809
96 0.426347305389
97 0.426347305389
98 0.42874251497
99 0.433532934132
100 0.444311377246
101 0.446706586826
102 0.447904191617
104 0.447904191617
105 0.447904191617
106 0.449101796407
107 0.450299401198
109 0.451497005988
110 0.451497005988
111 0.439520958084
112 0.440718562874
113 0.450299401198
114 0.451497005988
115 0.452694610779
116 0.463473053892
117 0.474251497006
118 0.474251497006
119 0.474251497006
120 0.488622754491
121 0.493413173653
122 0.508982035928
123 0.511377245509
124 0.511377245509
125 0.511377245509
126 0.518562874251
127 0.518562874251
128 0.536526946108
129 0.548502994012
130 0.561676646706
131 0.567664670659
132 0.586826347305
134 0.577245508982
135 0.585628742515
136 0.586826347305
137 0.604790419162
138 0.604790419162
139 0.620359281437
140 0.632335329341
141 0.632335329341
142 0.638323353293
143 0.638323353293
144 0.646706586826
145 0.669461077844
146 0.668263473054
147 0.667065868263
148 0.665868263473
149 0.681437125749
150 0.677844311377
151 0.683832335329
152 0.683832335329
153 0.695808383234
154 0.700598802395
156 0.705389221557
157 0.711377245509
158 0.71497005988
159 0.71497005988
160 0.71377245509
161 0.724550898204
162 0.723353293413
163 0.722155688623
165 0.720958083832
166 0.722155688623
167 0.722155688623
169 0.723353293413
171 0.725748502994
172 0.726946107785
173 0.731736526946
174 0.755688622755
176 0.756886227545
177 0.756886227545
178 0.759281437126
179 0.759281437126
180 0.759281437126
181 0.766467065868
182 0.765269461078
183 0.779640718563
184 0.780838323353
185 0.779640718563
186 0.780838323353
187 0.782035928144
188 0.780838323353
189 0.784431137725
190 0.784431137725
191 0.785628742515
192 0.786826347305
193 0.785628742515
194 0.79880239521
195 0.778443113772
196 0.778443113772
197 0.780838323353
198 0.783233532934
199 0.784431137725
200 0.783233532934
202 0.792814371258
203 0.814371257485
205 0.819161676647
206 0.815568862276
207 0.817964071856
212 0.813173652695
213 0.813173652695
214 0.813173652695
215 0.813173652695
216 0.811976047904
217 0.811976047904
219 0.815568862276
220 0.832335329341
221 0.82874251497
222 0.82994011976
223 0.82994011976
224 0.834730538922
225 0.835928143713
228 0.844311377245
229 0.844311377245
230 0.844311377245
231 0.847904191617
232 0.852694610779
233 0.855089820359
234 0.858682634731
235 0.859880239521
236 0.858682634731
237 0.85748502994
239 0.85628742515
241 0.85628742515
242 0.853892215569
243 0.855089820359
245 0.85628742515
246 0.85628742515
247 0.85628742515
248 0.85628742515
249 0.855089820359
251 0.85748502994
252 0.855089820359
253 0.855089820359
254 0.855089820359
255 0.855089820359
256 0.85628742515
257 0.85868263473
258 0.85748502994
259 0.855089820359
260 0.855089820359
261 0.855089820359
262 0.855089820359
263 0.853892215569
264 0.85748502994
265 0.85748502994
266 0.861077844311
267 0.861077844311
268 0.859880239521
269 0.859880239521
271 0.862275449102
272 0.861077844311
273 0.861077844311
274 0.862275449102
275 0.864670658683
276 0.864670658683
277 0.864670658683
278 0.868263473054
279 0.867065868263
280 0.868263473054
281 0.868263473054
283 0.870658682635
284 0.869461077844
285 0.869461077844
286 0.868263473054
287 0.871856287425
289 0.873053892215
290 0.874251497006
291 0.874251497006
292 0.873053892215
293 0.871856287425
294 0.871856287425
295 0.870658682635
296 0.870658682635
297 0.870658682635
298 0.870658682635
300 0.869461077844
301 0.869461077844
302 0.874251497006
303 0.871856287425
304 0.871856287425
305 0.871856287425
306 0.871856287425
307 0.874251497006
309 0.879041916168
310 0.880239520958
311 0.882634730539
312 0.882634730539
313 0.883832335329
314 0.882634730539
315 0.88502994012
316 0.88622754491
317 0.88622754491
319 0.88622754491
320 0.88502994012
321 0.887425149701
322 0.887425149701
323 0.887425149701
324 0.887425149701
325 0.888622754491
326 0.888622754491
328 0.888622754491
329 0.888622754491
330 0.888622754491
332 0.8874251497
333 0.8874251497
334 0.88622754491
335 0.888622754491
336 0.8874251497
337 0.8874251497
338 0.88622754491
339 0.88502994012
340 0.88502994012
341 0.88622754491
342 0.88622754491
343 0.88622754491
344 0.88622754491
345 0.88622754491
347 0.88622754491
348 0.888622754491
349 0.888622754491
350 0.889820359281
351 0.891017964072
355 0.887425149701
356 0.888622754491
357 0.891017964072
358 0.892215568862
359 0.894610778443
360 0.895808383233
361 0.897005988024
362 0.897005988024
363 0.897005988024
364 0.895808383233
365 0.895808383233
366 0.897005988024
367 0.897005988024
368 0.897005988024
369 0.897005988024
370 0.897005988024
371 0.897005988024
372 0.895808383233
373 0.897005988024
375 0.897005988024
376 0.898203592814
377 0.898203592814
379 0.898203592814
380 0.895808383233
381 0.894610778443
382 0.894610778443
384 0.895808383233
386 0.895808383233
387 0.898203592814
388 0.898203592814
389 0.899401197605
390 0.901796407185
391 0.902994011976
392 0.902994011976
393 0.902994011976
394 0.902994011976
395 0.902994011976
396 0.904191616766
397 0.905389221557
398 0.905389221557
399 0.905389221557
400 0.906586826347
401 0.906586826347
403 0.907784431138
404 0.905389221557
405 0.902994011976
406 0.904191616766
407 0.905389221557
409 0.905389221557
410 0.905389221557
411 0.905389221557
412 0.905389221557
413 0.906586826347
414 0.906586826347
415 0.907784431138
418 0.907784431138
419 0.906586826347
420 0.906586826347
421 0.906586826347
422 0.906586826347
423 0.906586826347
424 0.907784431138
425 0.907784431138
426 0.907784431138
427 0.907784431138
428 0.908982035928
429 0.908982035928
430 0.908982035928
431 0.908982035928
432 0.907784431138
433 0.907784431138
434 0.905389221557
436 0.905389221557
437 0.905389221557
438 0.906586826347
439 0.906586826347
440 0.906586826347
441 0.907784431138
442 0.907784431138
443 0.908982035928
444 0.908982035928
445 0.910179640719
446 0.914970059881
447 0.914970059881
448 0.916167664671
