0	0.173652694611
94	0.443113772455
95	0.461077844311
96	0.461077844311
98	0.467065868263
99	0.473053892216
100	0.473053892216
101	0.479041916168
103	0.479041916168
104	0.479041916168
105	0.479041916168
107	0.48502994012
108	0.491017964072
109	0.491017964072
110	0.48502994012
114	0.431137724551
116	0.431137724551
117	0.437125748503
118	0.437125748503
119	0.437125748503
120	0.437125748503
121	0.437125748503
122	0.437125748503
123	0.437125748503
124	0.437125748503
125	0.437125748503
126	0.437125748503
127	0.443113772455
128	0.443113772455
129	0.443113772455
130	0.443113772455
131	0.443113772455
133	0.443113772455
134	0.443113772455
135	0.443113772455
136	0.443113772455
137	0.497005988024
138	0.497005988024
139	0.497005988024
140	0.497005988024
141	0.497005988024
142	0.497005988024
143	0.574850299401
144	0.574850299401
145	0.574850299401
146	0.574850299401
147	0.574850299401
148	0.574850299401
149	0.574850299401
150	0.574850299401
151	0.568862275449
152	0.562874251497
153	0.610778443114
155	0.538922155689
156	0.538922155689
157	0.538922155689
158	0.538922155689
159	0.538922155689
160	0.538922155689
161	0.538922155689
163	0.538922155689
164	0.538922155689
165	0.532934131737
166	0.532934131737
167	0.532934131737
168	0.526946107784
169	0.526946107784
170	0.526946107784
171	0.526946107784
172	0.526946107784
173	0.526946107784
174	0.532934131737
175	0.532934131737
176	0.532934131737
177	0.532934131737
179	0.532934131737
180	0.532934131737
181	0.532934131737
182	0.532934131737
183	0.532934131737
185	0.532934131737
187	0.538922155689
188	0.538922155689
189	0.538922155689
190	0.538922155689
192	0.538922155689
193	0.538922155689
194	0.538922155689
195	0.538922155689
196	0.538922155689
197	0.538922155689
198	0.532934131737
200	0.59880239521
205	0.491017964072
206	0.491017964072
207	0.491017964072
208	0.491017964072
209	0.491017964072
210	0.491017964072
211	0.544910179641
212	0.634730538922
213	0.634730538922
214	0.62874251497
215	0.634730538922
216	0.634730538922
217	0.634730538922
218	0.634730538922
219	0.634730538922
220	0.634730538922
221	0.634730538922
222	0.634730538922
223	0.700598802395
224	0.706586826347
225	0.706586826347
226	0.706586826347
227	0.730538922156
228	0.730538922156
229	0.778443113772
230	0.778443113772
231	0.77245508982
232	0.77245508982
233	0.796407185629
234	0.796407185629
235	0.796407185629
236	0.796407185629
237	0.796407185629
238	0.790419161677
240	0.790419161677
241	0.790419161677
242	0.790419161677
243	0.790419161677
244	0.790419161677
245	0.790419161677
246	0.790419161677
247	0.790419161677
248	0.790419161677
249	0.796407185629
250	0.796407185629
251	0.796407185629
252	0.796407185629
253	0.796407185629
255	0.796407185629
256	0.808383233533
257	0.808383233533
259	0.808383233533
261	0.808383233533
262	0.808383233533
263	0.808383233533
264	0.808383233533
265	0.808383233533
266	0.808383233533
267	0.826347305389
268	0.832335329341
269	0.832335329341
270	0.832335329341
271	0.838323353293
272	0.838323353293
273	0.838323353293
274	0.844311377246
275	0.844311377246
276	0.844311377246
277	0.844311377246
278	0.850299401198
280	0.850299401198
281	0.850299401198
282	0.850299401198
284	0.862275449102
285	0.868263473054
286	0.868263473054
287	0.862275449102
289	0.862275449102
290	0.862275449102
291	0.862275449102
292	0.862275449102
293	0.862275449102
294	0.85628742515
295	0.868263473054
296	0.868263473054
297	0.868263473054
298	0.868263473054
299	0.868263473054
300	0.868263473054
302	0.868263473054
304	0.874251497006
305	0.868263473054
306	0.868263473054
307	0.868263473054
308	0.868263473054
310	0.868263473054
311	0.868263473054
312	0.868263473054
314	0.874251497006
315	0.874251497006
316	0.874251497006
317	0.868263473054
318	0.868263473054
320	0.868263473054
321	0.868263473054
322	0.868263473054
323	0.868263473054
324	0.880239520958
325	0.880239520958
326	0.880239520958
327	0.880239520958
328	0.880239520958
329	0.880239520958
330	0.880239520958
331	0.880239520958
332	0.880239520958
333	0.880239520958
334	0.880239520958
336	0.880239520958
337	0.88622754491
338	0.88622754491
339	0.88622754491
340	0.880239520958
341	0.880239520958
343	0.880239520958
345	0.880239520958
346	0.880239520958
347	0.880239520958
348	0.880239520958
350	0.880239520958
351	0.880239520958
352	0.880239520958
353	0.880239520958
354	0.880239520958
355	0.880239520958
356	0.880239520958
357	0.88622754491
358	0.88622754491
359	0.898203592814
360	0.898203592814
361	0.898203592814
363	0.898203592814
364	0.898203592814
365	0.898203592814
366	0.898203592814
367	0.898203592814
368	0.898203592814
369	0.898203592814
370	0.898203592814
371	0.898203592814
372	0.898203592814
373	0.898203592814
374	0.898203592814
375	0.898203592814
376	0.898203592814
377	0.898203592814
379	0.898203592814
380	0.898203592814
381	0.88622754491
382	0.88622754491
383	0.88622754491
384	0.88622754491
385	0.88622754491
386	0.88622754491
387	0.88622754491
388	0.892215568862
389	0.898203592814
390	0.904191616766
391	0.904191616766
392	0.904191616766
393	0.904191616766
394	0.904191616766
395	0.904191616766
396	0.904191616766
397	0.910179640719
398	0.910179640719
399	0.910179640719
400	0.910179640719
401	0.916167664671
404	0.910179640719
407	0.898203592814
408	0.898203592814
409	0.898203592814
410	0.898203592814
411	0.898203592814
412	0.898203592814
413	0.898203592814
414	0.898203592814
415	0.898203592814
416	0.898203592814
417	0.898203592814
418	0.898203592814
419	0.898203592814
420	0.898203592814
421	0.898203592814
422	0.898203592814
423	0.898203592814
424	0.898203592814
425	0.898203592814
426	0.898203592814
428	0.904191616766
429	0.904191616766
430	0.904191616766
431	0.904191616766
433	0.898203592814
434	0.898203592814
435	0.898203592814
436	0.898203592814
437	0.898203592814
438	0.898203592814
439	0.898203592814
440	0.898203592814
441	0.898203592814
442	0.898203592814
443	0.898203592814
444	0.898203592814
445	0.898203592814
446	0.910179640719
447	0.910179640719
448	0.916167664671
