0	0.5
94	0.59375
95	0.59375
96	0.59375
97	0.625
98	0.625
99	0.65625
100	0.65625
101	0.625
102	0.625
103	0.625
104	0.625
105	0.625
106	0.625
107	0.625
108	0.625
109	0.625
110	0.625
112	0.65625
113	0.65625
114	0.65625
115	0.65625
116	0.65625
117	0.65625
118	0.65625
120	0.625
121	0.625
122	0.65625
123	0.625
124	0.625
125	0.65625
126	0.65625
128	0.65625
129	0.65625
130	0.65625
131	0.65625
132	0.65625
133	0.6875
134	0.6875
135	0.6875
136	0.6875
137	0.6875
138	0.6875
139	0.6875
140	0.6875
141	0.6875
142	0.6875
143	0.65625
144	0.65625
145	0.65625
146	0.65625
147	0.65625
148	0.625
149	0.625
150	0.625
151	0.625
153	0.625
154	0.65625
155	0.65625
156	0.65625
157	0.65625
158	0.6875
159	0.6875
161	0.6875
162	0.65625
163	0.65625
164	0.625
166	0.65625
167	0.65625
168	0.65625
170	0.65625
172	0.625
173	0.625
175	0.625
176	0.625
178	0.59375
179	0.59375
180	0.59375
181	0.59375
182	0.59375
183	0.59375
184	0.59375
185	0.625
186	0.65625
188	0.65625
189	0.65625
190	0.65625
191	0.65625
192	0.65625
194	0.65625
195	0.65625
196	0.65625
197	0.65625
198	0.65625
199	0.65625
200	0.6875
201	0.6875
202	0.6875
203	0.65625
204	0.65625
205	0.65625
207	0.65625
211	0.6875
212	0.6875
213	0.6875
215	0.6875
216	0.6875
217	0.6875
218	0.6875
219	0.6875
220	0.6875
221	0.6875
222	0.6875
223	0.6875
224	0.6875
225	0.6875
226	0.71875
227	0.75
228	0.75
229	0.75
230	0.75
231	0.75
232	0.75
234	0.75
235	0.75
236	0.75
237	0.75
238	0.75
239	0.75
240	0.75
241	0.75
242	0.75
243	0.75
244	0.75
245	0.75
246	0.71875
247	0.71875
248	0.71875
249	0.6875
250	0.6875
251	0.6875
252	0.6875
253	0.6875
254	0.6875
255	0.6875
256	0.65625
257	0.65625
258	0.65625
259	0.65625
260	0.65625
261	0.65625
262	0.65625
263	0.65625
264	0.65625
265	0.65625
266	0.65625
267	0.65625
269	0.65625
270	0.65625
271	0.65625
272	0.65625
273	0.65625
275	0.6875
276	0.6875
277	0.6875
279	0.6875
280	0.6875
281	0.6875
282	0.6875
284	0.6875
285	0.6875
286	0.6875
287	0.6875
288	0.6875
290	0.65625
291	0.65625
292	0.625
293	0.59375
294	0.59375
295	0.59375
296	0.59375
297	0.59375
298	0.59375
299	0.59375
300	0.59375
301	0.59375
302	0.59375
303	0.59375
304	0.625
305	0.625
306	0.625
307	0.625
308	0.625
309	0.625
310	0.625
311	0.625
312	0.625
313	0.625
314	0.625
316	0.59375
317	0.59375
318	0.59375
319	0.59375
321	0.59375
323	0.59375
324	0.59375
325	0.59375
326	0.59375
327	0.59375
328	0.59375
329	0.59375
330	0.59375
331	0.625
332	0.59375
333	0.59375
334	0.59375
335	0.59375
336	0.59375
339	0.59375
340	0.59375
341	0.59375
343	0.59375
344	0.59375
345	0.59375
346	0.59375
347	0.59375
348	0.59375
349	0.59375
350	0.59375
351	0.625
352	0.625
353	0.59375
354	0.59375
355	0.59375
357	0.59375
358	0.59375
359	0.59375
360	0.59375
361	0.59375
362	0.59375
363	0.59375
364	0.5625
365	0.5625
366	0.5625
367	0.5625
368	0.5625
369	0.5625
370	0.5625
371	0.59375
372	0.59375
373	0.59375
374	0.59375
375	0.59375
376	0.59375
377	0.625
378	0.625
379	0.625
381	0.625
382	0.625
383	0.625
385	0.625
386	0.625
387	0.625
388	0.625
389	0.625
390	0.625
391	0.625
392	0.625
393	0.625
394	0.625
395	0.625
396	0.625
397	0.59375
398	0.59375
399	0.59375
400	0.59375
401	0.59375
402	0.59375
403	0.59375
404	0.59375
405	0.59375
406	0.59375
411	0.59375
412	0.59375
414	0.59375
415	0.59375
417	0.59375
419	0.625
420	0.625
421	0.625
422	0.625
423	0.625
424	0.625
425	0.625
426	0.625
427	0.625
428	0.625
430	0.625
431	0.625
432	0.625
433	0.625
435	0.625
436	0.625
437	0.625
438	0.59375
439	0.59375
440	0.59375
441	0.59375
442	0.59375
445	0.625
446	0.6875
447	0.65625
448	0.65625