0	0.5
94	0.625
95	0.59375
96	0.59375
97	0.59375
98	0.59375
99	0.59375
100	0.59375
101	0.59375
102	0.59375
103	0.59375
104	0.59375
105	0.59375
106	0.59375
107	0.59375
108	0.59375
109	0.59375
110	0.59375
111	0.59375
112	0.59375
113	0.59375
115	0.59375
116	0.59375
117	0.59375
118	0.59375
119	0.59375
120	0.59375
121	0.59375
122	0.59375
123	0.625
124	0.625
125	0.625
126	0.625
127	0.625
128	0.625
129	0.625
130	0.625
131	0.625
132	0.59375
134	0.59375
135	0.59375
136	0.59375
137	0.59375
138	0.625
139	0.625
140	0.625
141	0.625
142	0.625
143	0.625
144	0.625
145	0.625
146	0.625
147	0.59375
148	0.59375
149	0.625
150	0.625
151	0.625
152	0.625
153	0.625
154	0.625
156	0.59375
157	0.5625
159	0.53125
160	0.53125
161	0.53125
162	0.53125
163	0.53125
165	0.53125
166	0.53125
167	0.53125
169	0.53125
170	0.53125
171	0.5625
172	0.5625
173	0.5625
174	0.5625
176	0.5625
177	0.59375
178	0.59375
179	0.59375
180	0.5625
181	0.5625
182	0.5625
184	0.5625
185	0.5625
187	0.625
188	0.59375
189	0.59375
191	0.59375
192	0.59375
193	0.59375
194	0.59375
195	0.59375
196	0.59375
197	0.59375
198	0.59375
199	0.59375
200	0.59375
202	0.59375
203	0.59375
204	0.59375
205	0.59375
207	0.59375
208	0.59375
209	0.59375
211	0.5625
212	0.5625
213	0.5625
214	0.5625
215	0.5625
216	0.5625
217	0.5625
219	0.5625
220	0.5625
221	0.5625
222	0.5625
223	0.5625
224	0.5625
225	0.5625
226	0.5625
227	0.5625
228	0.5625
229	0.5625
230	0.5625
231	0.59375
232	0.59375
233	0.625
234	0.59375
235	0.59375
236	0.59375
238	0.59375
239	0.59375
240	0.625
241	0.625
243	0.59375
244	0.59375
245	0.59375
246	0.59375
247	0.59375
248	0.59375
250	0.59375
251	0.59375
252	0.59375
253	0.59375
254	0.59375
255	0.59375
256	0.59375
257	0.59375
258	0.59375
259	0.59375
260	0.5625
261	0.5625
262	0.53125
263	0.53125
264	0.53125
266	0.53125
267	0.53125
268	0.53125
269	0.53125
270	0.53125
271	0.53125
272	0.53125
274	0.5625
275	0.53125
276	0.53125
277	0.53125
278	0.53125
279	0.5
280	0.5
281	0.5
282	0.5
283	0.53125
284	0.5625
285	0.5625
286	0.5625
287	0.5625
288	0.53125
289	0.53125
290	0.53125
291	0.53125
292	0.53125
294	0.5
295	0.53125
296	0.53125
297	0.53125
298	0.53125
299	0.53125
300	0.53125
301	0.53125
302	0.5625
303	0.59375
304	0.59375
305	0.59375
306	0.59375
307	0.59375
308	0.59375
309	0.59375
311	0.59375
312	0.59375
313	0.59375
314	0.59375
315	0.59375
316	0.59375
317	0.59375
318	0.59375
319	0.59375
320	0.59375
321	0.59375
322	0.59375
323	0.59375
324	0.59375
326	0.59375
327	0.59375
328	0.59375
329	0.59375
330	0.59375
335	0.625
336	0.625
337	0.625
338	0.625
339	0.625
340	0.625
341	0.625
342	0.625
343	0.625
344	0.625
345	0.625
347	0.625
349	0.625
350	0.59375
351	0.59375
352	0.59375
353	0.59375
354	0.59375
355	0.59375
356	0.59375
358	0.59375
359	0.59375
360	0.59375
361	0.625
362	0.625
363	0.625
364	0.625
366	0.625
367	0.625
368	0.625
369	0.625
370	0.625
371	0.625
372	0.625
373	0.625
374	0.625
375	0.59375
376	0.59375
377	0.59375
378	0.59375
379	0.59375
380	0.59375
381	0.59375
382	0.59375
383	0.59375
384	0.59375
385	0.59375
386	0.59375
387	0.59375
388	0.59375
389	0.59375
390	0.59375
391	0.59375
393	0.59375
394	0.59375
395	0.59375
396	0.59375
397	0.59375
398	0.59375
399	0.59375
400	0.59375
401	0.59375
402	0.59375
403	0.59375
404	0.59375
405	0.59375
407	0.59375
408	0.59375
410	0.59375
411	0.59375
412	0.59375
414	0.59375
417	0.59375
418	0.625
420	0.625
424	0.65625
425	0.65625
427	0.65625
428	0.65625
429	0.65625
430	0.65625
431	0.65625
432	0.65625
433	0.65625
434	0.65625
435	0.65625
436	0.6875
437	0.6875
438	0.6875
439	0.6875
440	0.6875
441	0.6875
442	0.6875
443	0.6875
446	0.6875
447	0.6875
448	0.65625