0	0.5
95	0.625
96	0.625
97	0.625
98	0.625
99	0.625
100	0.625
101	0.625
102	0.625
104	0.625
105	0.625
106	0.625
107	0.625
109	0.625
110	0.625
111	0.59375
112	0.59375
113	0.59375
114	0.59375
115	0.59375
116	0.59375
117	0.59375
118	0.59375
119	0.59375
120	0.59375
121	0.59375
122	0.59375
123	0.59375
124	0.59375
125	0.59375
126	0.59375
127	0.59375
128	0.625
129	0.625
130	0.625
131	0.625
132	0.625
134	0.625
135	0.625
136	0.625
137	0.625
138	0.625
139	0.625
140	0.625
141	0.625
142	0.625
143	0.625
144	0.625
145	0.65625
146	0.625
147	0.625
148	0.625
149	0.625
150	0.625
151	0.625
152	0.625
153	0.625
154	0.625
156	0.625
157	0.625
158	0.625
159	0.625
160	0.625
161	0.625
162	0.625
163	0.625
165	0.625
166	0.625
167	0.625
169	0.65625
171	0.65625
172	0.65625
173	0.65625
174	0.65625
176	0.625
177	0.625
178	0.625
179	0.59375
180	0.59375
181	0.5625
182	0.5625
183	0.5625
184	0.5625
185	0.5625
186	0.5625
187	0.5625
188	0.5625
189	0.59375
190	0.5625
191	0.5625
192	0.59375
193	0.59375
194	0.59375
195	0.59375
196	0.59375
197	0.59375
198	0.59375
199	0.625
200	0.625
202	0.59375
203	0.625
205	0.625
206	0.59375
207	0.625
212	0.65625
213	0.6875
214	0.6875
215	0.6875
216	0.65625
217	0.65625
219	0.65625
220	0.65625
221	0.65625
222	0.65625
223	0.65625
224	0.65625
225	0.65625
228	0.65625
229	0.65625
230	0.6875
231	0.6875
232	0.6875
233	0.6875
234	0.6875
235	0.6875
236	0.65625
237	0.65625
239	0.65625
241	0.65625
242	0.65625
243	0.65625
245	0.65625
246	0.65625
247	0.65625
248	0.65625
249	0.65625
251	0.65625
252	0.65625
253	0.65625
254	0.65625
255	0.65625
256	0.65625
257	0.65625
258	0.65625
259	0.625
260	0.625
261	0.625
262	0.625
263	0.625
264	0.625
265	0.625
266	0.625
267	0.625
268	0.625
269	0.625
271	0.625
272	0.625
273	0.625
274	0.625
275	0.625
276	0.625
277	0.625
278	0.625
279	0.625
280	0.65625
281	0.65625
283	0.65625
284	0.65625
285	0.65625
286	0.65625
287	0.65625
289	0.65625
290	0.65625
291	0.65625
292	0.65625
293	0.65625
294	0.65625
295	0.65625
296	0.65625
297	0.65625
298	0.65625
300	0.65625
301	0.65625
302	0.65625
303	0.65625
304	0.65625
305	0.65625
306	0.65625
307	0.65625
309	0.65625
310	0.65625
311	0.65625
312	0.65625
313	0.65625
314	0.65625
315	0.65625
316	0.65625
317	0.65625
319	0.65625
320	0.65625
321	0.65625
322	0.65625
323	0.65625
324	0.65625
325	0.65625
326	0.65625
328	0.65625
329	0.65625
330	0.65625
332	0.625
333	0.625
334	0.59375
335	0.59375
336	0.59375
337	0.59375
338	0.59375
339	0.59375
340	0.59375
341	0.625
342	0.625
343	0.625
344	0.625
345	0.625
347	0.625
348	0.625
349	0.625
350	0.625
351	0.65625
355	0.65625
356	0.65625
357	0.65625
358	0.65625
359	0.65625
360	0.65625
361	0.65625
362	0.65625
363	0.65625
364	0.65625
365	0.65625
366	0.65625
367	0.65625
368	0.6875
369	0.6875
370	0.6875
371	0.6875
372	0.6875
373	0.6875
375	0.6875
376	0.6875
377	0.6875
379	0.6875
380	0.6875
381	0.6875
382	0.6875
384	0.6875
386	0.6875
387	0.6875
388	0.6875
389	0.6875
390	0.6875
391	0.6875
392	0.6875
393	0.6875
394	0.6875
395	0.6875
396	0.6875
397	0.6875
398	0.6875
399	0.6875
400	0.6875
401	0.6875
403	0.6875
404	0.6875
405	0.6875
406	0.6875
407	0.6875
409	0.6875
410	0.6875
411	0.6875
412	0.6875
413	0.6875
414	0.6875
415	0.6875
418	0.6875
419	0.6875
420	0.6875
421	0.6875
422	0.6875
423	0.6875
424	0.6875
425	0.6875
426	0.6875
427	0.6875
428	0.6875
429	0.6875
430	0.6875
431	0.6875
432	0.6875
433	0.6875
434	0.6875
436	0.6875
437	0.6875
438	0.6875
439	0.6875
440	0.6875
441	0.6875
442	0.6875
443	0.6875
444	0.6875
445	0.65625
446	0.65625
447	0.65625
448	0.65625