0	0.5
94	0.59375
96	0.59375
97	0.59375
99	0.59375
100	0.59375
102	0.59375
103	0.59375
104	0.59375
105	0.59375
106	0.59375
107	0.59375
108	0.59375
109	0.59375
110	0.59375
111	0.59375
112	0.59375
113	0.59375
114	0.59375
115	0.59375
116	0.59375
117	0.59375
118	0.59375
119	0.59375
120	0.59375
121	0.59375
122	0.625
123	0.625
124	0.625
125	0.59375
126	0.59375
127	0.59375
128	0.59375
129	0.59375
130	0.59375
131	0.59375
132	0.53125
133	0.53125
134	0.53125
135	0.53125
136	0.53125
137	0.53125
138	0.53125
139	0.53125
141	0.53125
142	0.53125
143	0.53125
145	0.53125
146	0.53125
147	0.53125
148	0.53125
149	0.53125
151	0.53125
152	0.5625
153	0.5625
154	0.5625
155	0.5625
156	0.5625
157	0.5625
158	0.53125
159	0.5625
160	0.5625
161	0.5625
162	0.5625
163	0.5625
164	0.5625
165	0.5625
166	0.5625
167	0.5625
168	0.5625
169	0.5625
170	0.5625
171	0.5625
172	0.5625
173	0.5625
174	0.5625
175	0.5625
176	0.5625
177	0.5625
178	0.5625
179	0.5625
180	0.5625
181	0.5625
182	0.5625
183	0.5625
184	0.5625
185	0.5625
186	0.5625
187	0.5625
189	0.5625
190	0.5625
191	0.59375
192	0.59375
193	0.59375
195	0.59375
196	0.59375
197	0.5625
198	0.5625
199	0.5625
200	0.5625
201	0.5625
202	0.5625
203	0.5625
205	0.5625
206	0.5625
208	0.5625
209	0.5625
210	0.5625
211	0.5625
212	0.5625
213	0.53125
214	0.53125
219	0.625
220	0.65625
221	0.65625
222	0.65625
223	0.65625
224	0.71875
225	0.71875
226	0.71875
227	0.6875
229	0.6875
230	0.6875
231	0.6875
232	0.6875
233	0.6875
234	0.65625
235	0.65625
236	0.625
240	0.65625
241	0.65625
244	0.65625
245	0.65625
246	0.65625
247	0.65625
248	0.625
249	0.625
251	0.65625
252	0.65625
253	0.65625
254	0.65625
255	0.6875
256	0.6875
258	0.6875
259	0.65625
260	0.625
261	0.625
262	0.625
263	0.59375
264	0.59375
265	0.59375
266	0.59375
267	0.59375
268	0.5625
269	0.5625
270	0.5625
271	0.53125
272	0.53125
273	0.53125
274	0.53125
275	0.53125
276	0.53125
277	0.53125
278	0.53125
279	0.53125
280	0.53125
281	0.53125
282	0.53125
283	0.53125
285	0.53125
286	0.53125
287	0.53125
288	0.53125
289	0.53125
291	0.53125
292	0.53125
293	0.53125
294	0.53125
295	0.53125
296	0.53125
297	0.53125
298	0.53125
299	0.53125
301	0.53125
302	0.53125
303	0.53125
304	0.53125
305	0.53125
307	0.53125
309	0.53125
310	0.53125
311	0.53125
312	0.53125
313	0.53125
314	0.53125
315	0.53125
316	0.53125
317	0.53125
318	0.53125
319	0.53125
320	0.53125
322	0.53125
323	0.53125
324	0.53125
325	0.53125
326	0.53125
327	0.53125
328	0.53125
329	0.53125
330	0.53125
331	0.53125
332	0.53125
333	0.53125
335	0.53125
336	0.53125
337	0.53125
338	0.53125
339	0.53125
341	0.53125
342	0.53125
343	0.53125
344	0.53125
346	0.53125
347	0.53125
349	0.53125
350	0.53125
351	0.5625
352	0.59375
353	0.59375
355	0.59375
356	0.59375
357	0.59375
358	0.59375
359	0.59375
360	0.625
361	0.625
363	0.625
364	0.59375
365	0.59375
366	0.59375
367	0.59375
368	0.59375
369	0.59375
371	0.59375
372	0.59375
374	0.5625
375	0.5625
376	0.5625
377	0.5625
378	0.5625
379	0.5625
380	0.5625
381	0.5625
382	0.5625
383	0.5625
384	0.5625
385	0.5625
386	0.5625
389	0.625
390	0.65625
391	0.65625
392	0.65625
393	0.65625
395	0.65625
396	0.65625
397	0.65625
398	0.65625
399	0.625
400	0.625
401	0.625
402	0.625
403	0.625
404	0.625
405	0.625
406	0.625
407	0.625
408	0.625
409	0.625
410	0.625
411	0.625
413	0.625
414	0.625
415	0.65625
416	0.65625
417	0.65625
418	0.65625
419	0.65625
420	0.65625
421	0.65625
422	0.65625
423	0.65625
424	0.65625
425	0.65625
426	0.65625
427	0.65625
428	0.65625
430	0.65625
431	0.65625
432	0.65625
433	0.625
434	0.625
436	0.625
437	0.625
438	0.625
439	0.625
441	0.65625
442	0.65625
443	0.6875
444	0.65625
445	0.65625
446	0.65625
447	0.65625
448	0.65625