0	0.5
94	0.625
95	0.625
96	0.625
98	0.625
99	0.65625
100	0.65625
101	0.6875
103	0.6875
104	0.6875
105	0.6875
107	0.6875
108	0.6875
109	0.6875
110	0.65625
114	0.625
116	0.625
117	0.625
118	0.625
119	0.625
120	0.625
121	0.625
122	0.625
123	0.625
124	0.625
125	0.625
126	0.625
127	0.625
128	0.625
129	0.625
130	0.625
131	0.625
133	0.625
134	0.625
135	0.625
136	0.625
137	0.625
138	0.625
139	0.625
140	0.625
141	0.625
142	0.625
143	0.65625
144	0.65625
145	0.65625
146	0.65625
147	0.65625
148	0.65625
149	0.65625
150	0.65625
151	0.625
152	0.59375
153	0.625
155	0.625
156	0.625
157	0.625
158	0.625
159	0.625
160	0.625
161	0.625
163	0.625
164	0.625
165	0.59375
166	0.59375
167	0.59375
168	0.5625
169	0.5625
170	0.5625
171	0.5625
172	0.5625
173	0.5625
174	0.5625
175	0.5625
176	0.5625
177	0.5625
179	0.5625
180	0.5625
181	0.5625
182	0.5625
183	0.5625
185	0.5625
187	0.5625
188	0.5625
189	0.5625
190	0.5625
192	0.5625
193	0.5625
194	0.5625
195	0.5625
196	0.5625
197	0.5625
198	0.5625
200	0.59375
205	0.5625
206	0.5625
207	0.5625
208	0.5625
209	0.5625
210	0.5625
211	0.59375
212	0.625
213	0.625
214	0.59375
215	0.59375
216	0.59375
217	0.59375
218	0.59375
219	0.59375
220	0.59375
221	0.59375
222	0.5625
223	0.59375
224	0.625
225	0.625
226	0.625
227	0.625
228	0.6875
229	0.65625
230	0.65625
231	0.625
232	0.625
233	0.625
234	0.625
235	0.625
236	0.625
237	0.625
238	0.59375
240	0.59375
241	0.59375
242	0.59375
243	0.59375
244	0.59375
245	0.625
246	0.625
247	0.625
248	0.625
249	0.65625
250	0.65625
251	0.65625
252	0.65625
253	0.65625
255	0.65625
256	0.65625
257	0.65625
259	0.65625
261	0.65625
262	0.65625
263	0.65625
264	0.65625
265	0.65625
266	0.65625
267	0.65625
268	0.65625
269	0.65625
270	0.65625
271	0.65625
272	0.65625
273	0.65625
274	0.6875
275	0.6875
276	0.6875
277	0.6875
278	0.6875
280	0.6875
281	0.6875
282	0.6875
284	0.6875
285	0.6875
286	0.6875
287	0.65625
289	0.65625
290	0.65625
291	0.65625
292	0.65625
293	0.65625
294	0.625
295	0.625
296	0.625
297	0.625
298	0.625
299	0.625
300	0.625
302	0.625
304	0.625
305	0.625
306	0.625
307	0.625
308	0.625
310	0.625
311	0.625
312	0.625
314	0.65625
315	0.65625
316	0.65625
317	0.625
318	0.625
320	0.625
321	0.625
322	0.625
323	0.625
324	0.625
325	0.625
326	0.625
327	0.625
328	0.625
329	0.625
330	0.625
331	0.625
332	0.625
333	0.625
334	0.625
336	0.625
337	0.65625
338	0.65625
339	0.65625
340	0.625
341	0.625
343	0.625
345	0.625
346	0.625
347	0.625
348	0.625
350	0.625
351	0.625
352	0.625
353	0.625
354	0.625
355	0.625
356	0.625
357	0.625
358	0.625
359	0.625
360	0.625
361	0.625
363	0.625
364	0.625
365	0.625
366	0.625
367	0.625
368	0.625
369	0.625
370	0.625
371	0.625
372	0.625
373	0.625
374	0.625
375	0.625
376	0.625
377	0.625
379	0.625
380	0.625
381	0.5625
382	0.5625
383	0.5625
384	0.5625
385	0.5625
386	0.5625
387	0.5625
388	0.59375
389	0.59375
390	0.625
391	0.625
392	0.625
393	0.625
394	0.625
395	0.625
396	0.625
397	0.625
398	0.625
399	0.625
400	0.625
401	0.65625
404	0.625
407	0.625
408	0.625
409	0.625
410	0.625
411	0.625
412	0.625
413	0.625
414	0.625
415	0.625
416	0.625
417	0.625
418	0.625
419	0.625
420	0.625
421	0.625
422	0.625
423	0.625
424	0.625
425	0.625
426	0.625
428	0.625
429	0.625
430	0.625
431	0.625
433	0.625
434	0.625
435	0.625
436	0.625
437	0.625
438	0.625
439	0.625
440	0.625
441	0.625
442	0.625
443	0.625
444	0.59375
445	0.59375
446	0.65625
447	0.65625
448	0.65625