0 0.5
95 0.6125
96 0.60625
97 0.60625
98 0.6125
99 0.61875
100 0.625
101 0.63125
102 0.625
104 0.625
105 0.625
106 0.625
107 0.625
109 0.625
110 0.61875
111 0.60625
112 0.60625
113 0.60625
114 0.6125
115 0.6125
116 0.6125
117 0.6125
118 0.6125
119 0.6125
120 0.6125
121 0.60625
122 0.6125
123 0.61875
124 0.6125
125 0.6125
126 0.61875
127 0.61875
128 0.625
129 0.625
130 0.625
131 0.625
132 0.6125
134 0.61875
135 0.6125
136 0.6125
137 0.6125
138 0.6125
139 0.61875
140 0.625
141 0.625
142 0.625
143 0.625
144 0.61875
145 0.625
146 0.61875
147 0.6125
148 0.60625
149 0.6
150 0.60625
151 0.6125
152 0.6125
153 0.6125
154 0.61875
156 0.61875
157 0.6125
158 0.6125
159 0.6125
160 0.6
161 0.6
162 0.59375
163 0.5875
165 0.58125
166 0.5875
167 0.5875
169 0.59375
171 0.59375
172 0.5875
173 0.59375
174 0.59375
176 0.5875
177 0.58125
178 0.58125
179 0.58125
180 0.58125
181 0.575
182 0.56875
183 0.56875
184 0.575
185 0.58125
186 0.58125
187 0.59375
188 0.5875
189 0.59375
190 0.5875
191 0.5875
192 0.59375
193 0.6
194 0.60625
195 0.6
196 0.6
197 0.60625
198 0.6
199 0.60625
200 0.6
202 0.6
203 0.6125
205 0.6125
206 0.60625
207 0.6125
212 0.61875
213 0.61875
214 0.61875
215 0.61875
216 0.6125
217 0.6125
219 0.6
220 0.60625
221 0.63125
222 0.6375
223 0.6375
224 0.6375
225 0.65625
228 0.66875
229 0.66875
230 0.66875
231 0.6625
232 0.6625
233 0.6625
234 0.6625
235 0.66875
236 0.6625
237 0.65625
239 0.65
241 0.64375
242 0.65
243 0.65
245 0.65
246 0.6625
247 0.6625
248 0.65625
249 0.64375
251 0.65
252 0.65625
253 0.65
254 0.65
255 0.65
256 0.65625
257 0.65625
258 0.65625
259 0.64375
260 0.63125
261 0.63125
262 0.63125
263 0.625
264 0.625
265 0.61875
266 0.61875
267 0.6125
268 0.60625
269 0.60625
271 0.60625
272 0.6
273 0.6
274 0.60625
275 0.60625
276 0.60625
277 0.60625
278 0.61875
279 0.6125
280 0.61875
281 0.61875
283 0.61875
284 0.6125
285 0.6125
286 0.60625
287 0.60625
289 0.6125
290 0.61875
291 0.61875
292 0.6125
293 0.60625
294 0.59375
295 0.5875
296 0.5875
297 0.5875
298 0.5875
300 0.58125
301 0.5875
302 0.5875
303 0.5875
304 0.5875
305 0.5875
306 0.5875
307 0.59375
309 0.6
310 0.60625
311 0.6125
312 0.6125
313 0.6125
314 0.60625
315 0.60625
316 0.60625
317 0.60625
319 0.60625
320 0.6
321 0.6
322 0.6
323 0.6
324 0.6
325 0.6
326 0.6
328 0.6
329 0.6
330 0.6
332 0.59375
333 0.59375
334 0.5875
335 0.6
336 0.59375
337 0.59375
338 0.5875
339 0.59375
340 0.59375
341 0.6
342 0.6
343 0.6
344 0.6
345 0.6
347 0.6
348 0.6
349 0.6
350 0.60625
351 0.61875
355 0.61875
356 0.61875
357 0.61875
358 0.6125
359 0.6125
360 0.6125
361 0.61875
362 0.61875
363 0.61875
364 0.6125
365 0.6125
366 0.61875
367 0.61875
368 0.61875
369 0.61875
370 0.61875
371 0.61875
372 0.6125
373 0.6125
375 0.6125
376 0.61875
377 0.61875
379 0.61875
380 0.60625
381 0.6
382 0.6
384 0.60625
386 0.60625
387 0.60625
388 0.60625
389 0.625
390 0.63125
391 0.6375
392 0.6375
393 0.6375
394 0.6375
395 0.6375
396 0.6375
397 0.6375
398 0.63125
399 0.63125
400 0.63125
401 0.63125
403 0.6375
404 0.625
405 0.625
406 0.625
407 0.625
409 0.625
410 0.625
411 0.625
412 0.625
413 0.625
414 0.625
415 0.63125
418 0.63125
419 0.63125
420 0.63125
421 0.63125
422 0.6375
423 0.6375
424 0.64375
425 0.64375
426 0.65
427 0.65
428 0.65
429 0.65
430 0.65
431 0.65
432 0.65
433 0.65
434 0.64375
436 0.64375
437 0.64375
438 0.65
439 0.65
440 0.64375
441 0.65
442 0.65
443 0.65625
444 0.64375
445 0.64375
446 0.66875
447 0.6625
448 0.65625
