0	0.22754491018
1	0.0778443113772
2	0.0898203592814
3	0.101796407186
4	0.107784431138
5	0.107784431138
6	0.0658682634731
7	0.0718562874251
8	0.0778443113772
9	0.0778443113772
10	0.0778443113772
11	0.0838323353293
12	0.0838323353293
13	0.0898203592814
14	0.0898203592814
15	0.0778443113772
16	0.0778443113772
17	0.0778443113772
18	0.191616766467
19	0.191616766467
20	0.197604790419
21	0.209580838323
22	0.137724550898
23	0.131736526946
24	0.131736526946
25	0.125748502994
26	0.0898203592814
27	0.0898203592814
28	0.161676646707
29	0.167664670659
30	0.11377245509
31	0.119760479042
32	0.125748502994
33	0.125748502994
34	0.0898203592814
35	0.0958083832335
36	0.125748502994
37	0.131736526946
38	0.131736526946
39	0.137724550898
40	0.137724550898
41	0.221556886228
42	0.221556886228
43	0.239520958084
44	0.239520958084
45	0.203592814371
46	0.191616766467
47	0.203592814371
48	0.179640718563
49	0.185628742515
50	0.185628742515
51	0.185628742515
52	0.25748502994
53	0.221556886228
54	0.215568862275
55	0.275449101796
56	0.22754491018
57	0.233532934132
58	0.233532934132
59	0.215568862275
60	0.161676646707
61	0.173652694611
62	0.173652694611
63	0.173652694611
64	0.161676646707
65	0.167664670659
66	0.167664670659
67	0.167664670659
68	0.197604790419
69	0.197604790419
70	0.197604790419
71	0.197604790419
72	0.197604790419
73	0.209580838323
74	0.209580838323
75	0.305389221557
76	0.305389221557
77	0.281437125749
78	0.269461077844
79	0.341317365269
80	0.341317365269
81	0.377245508982
82	0.377245508982
83	0.377245508982
84	0.377245508982
85	0.377245508982
86	0.37125748503
87	0.389221556886
88	0.389221556886
89	0.389221556886
90	0.383233532934
91	0.383233532934
92	0.395209580838
