0	0.22754491018
1	0.0479041916168
2	0.0538922155689
3	0.203592814371
4	0.155688622754
5	0.0898203592814
6	0.74251497006
7	0.682634730539
8	0.62874251497
9	0.62874251497
10	0.395209580838
11	0.293413173653
12	0.526946107784
13	0.461077844311
14	0.467065868263
15	0.479041916168
16	0.473053892216
17	0.37125748503
18	0.353293413174
19	0.520958083832
20	0.389221556886
21	0.383233532934
22	0.383233532934
23	0.383233532934
24	0.353293413174
25	0.544910179641
26	0.497005988024
27	0.491017964072
28	0.479041916168
29	0.479041916168
30	0.646706586826
31	0.646706586826
32	0.526946107784
33	0.491017964072
34	0.491017964072
35	0.491017964072
36	0.491017964072
37	0.455089820359
38	0.455089820359
39	0.51497005988
40	0.51497005988
41	0.526946107784
42	0.568862275449
43	0.568862275449
44	0.419161676647
45	0.419161676647
46	0.419161676647
47	0.407185628743
48	0.413173652695
49	0.40119760479
50	0.383233532934
51	0.383233532934
52	0.383233532934
53	0.383233532934
54	0.383233532934
55	0.395209580838
56	0.40119760479
57	0.40119760479
58	0.377245508982
59	0.40119760479
60	0.40119760479
61	0.40119760479
62	0.40119760479
63	0.365269461078
64	0.37125748503
65	0.419161676647
66	0.389221556886
67	0.383233532934
68	0.407185628743
69	0.431137724551
70	0.431137724551
71	0.431137724551
72	0.419161676647
73	0.407185628743
74	0.407185628743
75	0.407185628743
76	0.407185628743
77	0.40119760479
78	0.389221556886
79	0.359281437126
80	0.359281437126
81	0.40119760479
82	0.40119760479
83	0.407185628743
84	0.407185628743
85	0.407185628743
86	0.413173652695
87	0.413173652695
88	0.413173652695
89	0.413173652695
90	0.407185628743
91	0.407185628743
92	0.419161676647
