0	0.0967741935484
1	0.0967741935484
2	0.0967741935484
3	0.0967741935484
4	0.0967741935484
5	0.0967741935484
6	0.102150537634
7	0.123655913978
8	0.193548387097
9	0.338709677419
10	0.44623655914
11	0.483870967742
12	0.537634408602
13	0.629032258065
14	0.655913978495
15	0.715053763441
16	0.731182795699
17	0.725806451613
18	0.731182795699
19	0.736559139785
20	0.736559139785
21	0.741935483871
22	0.741935483871
23	0.747311827957
24	0.747311827957
25	0.747311827957
26	0.747311827957
27	0.741935483871
28	0.736559139785
29	0.736559139785
30	0.741935483871
31	0.736559139785
32	0.741935483871
33	0.741935483871
34	0.741935483871
35	0.731182795699
36	0.731182795699
37	0.725806451613
38	0.725806451613
39	0.720430107527
40	0.720430107527
41	0.720430107527
42	0.725806451613
43	0.725806451613
44	0.725806451613
45	0.725806451613
46	0.725806451613
47	0.725806451613
48	0.731182795699
49	0.731182795699
50	0.731182795699
51	0.731182795699
52	0.731182795699
53	0.731182795699
54	0.731182795699
55	0.731182795699
56	0.725806451613
57	0.725806451613
58	0.725806451613
59	0.725806451613
60	0.725806451613
61	0.725806451613
62	0.725806451613
63	0.725806451613
64	0.725806451613
65	0.725806451613
66	0.725806451613
67	0.725806451613
68	0.725806451613
69	0.725806451613
70	0.725806451613
71	0.725806451613
72	0.725806451613
73	0.725806451613
74	0.725806451613
75	0.725806451613
76	0.725806451613
77	0.725806451613
78	0.725806451613
79	0.725806451613
80	0.725806451613
81	0.725806451613
82	0.725806451613
83	0.725806451613
84	0.725806451613
85	0.725806451613
86	0.725806451613
87	0.725806451613
88	0.725806451613
89	0.725806451613
90	0.725806451613
91	0.725806451613
92	0.725806451613
93	0.725806451613
94	0.725806451613
95	0.725806451613
96	0.725806451613
97	0.725806451613
98	0.725806451613
99	0.725806451613
100	0.725806451613
101	0.725806451613
102	0.725806451613
103	0.725806451613
104	0.725806451613
105	0.725806451613
106	0.725806451613
107	0.725806451613
108	0.725806451613
109	0.725806451613
110	0.725806451613
111	0.725806451613
112	0.725806451613
113	0.725806451613
114	0.725806451613
115	0.725806451613
116	0.725806451613
117	0.725806451613
118	0.725806451613
119	0.725806451613
120	0.725806451613
121	0.725806451613
122	0.725806451613
123	0.725806451613
124	0.725806451613
125	0.725806451613
126	0.725806451613
127	0.725806451613
128	0.725806451613
129	0.725806451613
130	0.725806451613
131	0.725806451613
132	0.725806451613
133	0.725806451613
134	0.725806451613
135	0.725806451613
136	0.725806451613
137	0.725806451613
138	0.725806451613
139	0.725806451613
140	0.725806451613
141	0.725806451613
142	0.725806451613
143	0.725806451613
144	0.725806451613
145	0.725806451613
146	0.725806451613
147	0.725806451613
148	0.725806451613
149	0.725806451613
150	0.725806451613
151	0.725806451613
152	0.725806451613
153	0.725806451613
154	0.725806451613
155	0.725806451613
156	0.725806451613
157	0.725806451613
158	0.725806451613
159	0.725806451613
160	0.725806451613
161	0.725806451613
162	0.725806451613
163	0.725806451613
164	0.725806451613
165	0.725806451613
166	0.725806451613
167	0.725806451613
168	0.725806451613
169	0.725806451613
170	0.725806451613
171	0.725806451613
172	0.725806451613
173	0.725806451613
174	0.725806451613
175	0.725806451613
176	0.725806451613
177	0.725806451613
178	0.725806451613
179	0.725806451613
180	0.725806451613
181	0.725806451613
182	0.725806451613
183	0.725806451613
184	0.725806451613
185	0.725806451613
186	0.725806451613
