0	0.22754491018
1	0.832335329341
2	0.455089820359
3	0.437125748503
4	0.718562874251
5	0.832335329341
6	0.832335329341
7	0.832335329341
8	0.832335329341
9	0.838323353293
10	0.838323353293
11	0.832335329341
12	0.832335329341
13	0.832335329341
14	0.832335329341
15	0.832335329341
16	0.832335329341
17	0.832335329341
18	0.832335329341
19	0.820359281437
20	0.832335329341
21	0.832335329341
22	0.832335329341
23	0.832335329341
24	0.77245508982
25	0.77245508982
26	0.778443113772
27	0.778443113772
28	0.778443113772
29	0.784431137725
30	0.77245508982
31	0.778443113772
32	0.694610778443
33	0.646706586826
34	0.646706586826
35	0.62874251497
36	0.62874251497
37	0.670658682635
38	0.646706586826
39	0.640718562874
40	0.640718562874
41	0.497005988024
42	0.497005988024
43	0.497005988024
44	0.550898203593
45	0.550898203593
46	0.562874251497
47	0.51497005988
48	0.568862275449
49	0.568862275449
50	0.562874251497
51	0.556886227545
52	0.562874251497
53	0.556886227545
54	0.556886227545
55	0.556886227545
56	0.550898203593
57	0.544910179641
58	0.550898203593
59	0.550898203593
60	0.497005988024
61	0.497005988024
62	0.473053892216
63	0.479041916168
64	0.479041916168
65	0.479041916168
66	0.479041916168
67	0.479041916168
68	0.479041916168
69	0.473053892216
70	0.473053892216
71	0.473053892216
72	0.473053892216
73	0.455089820359
74	0.461077844311
75	0.437125748503
76	0.437125748503
77	0.425149700599
78	0.419161676647
79	0.419161676647
80	0.419161676647
81	0.419161676647
82	0.419161676647
83	0.425149700599
84	0.425149700599
85	0.413173652695
86	0.413173652695
87	0.413173652695
88	0.413173652695
89	0.407185628743
90	0.407185628743
91	0.407185628743
92	0.407185628743
