0	0.46875
1	0.1875
2	0.28125
3	0.28125
4	0.25
5	0.25
6	0.25
7	0.3125
8	0.375
9	0.375
10	0.375
11	0.34375
12	0.3125
13	0.3125
14	0.34375
15	0.40625
16	0.40625
17	0.40625
18	0.5
19	0.5
20	0.46875
21	0.46875
22	0.5
23	0.5
24	0.5625
25	0.4375
26	0.53125
27	0.53125
28	0.53125
29	0.53125
30	0.53125
31	0.53125
32	0.40625
33	0.40625
34	0.40625
35	0.40625
36	0.40625
37	0.40625
38	0.40625
39	0.34375
40	0.34375
41	0.40625
42	0.375
43	0.375
44	0.3125
45	0.375
46	0.40625
47	0.40625
48	0.4375
49	0.5
50	0.5
51	0.5
52	0.5
53	0.5
54	0.5
55	0.5625
56	0.625
57	0.625
58	0.625
59	0.625
60	0.625
61	0.625
62	0.625
63	0.625
64	0.65625
65	0.65625
66	0.625
67	0.625
68	0.625
69	0.625
70	0.625
71	0.625
72	0.625
73	0.625
74	0.625
75	0.625
76	0.625
77	0.625
78	0.625
79	0.625
80	0.625
81	0.625
82	0.625
83	0.65625
84	0.65625
85	0.65625
86	0.6875
87	0.6875
88	0.6875
89	0.6875
90	0.65625
91	0.65625
92	0.65625