0	0.46875
1	0.40625
2	0.46875
3	0.53125
4	0.5625
5	0.5625
6	0.34375
7	0.375
8	0.40625
9	0.40625
10	0.40625
11	0.4375
12	0.4375
13	0.46875
14	0.46875
15	0.40625
16	0.40625
17	0.40625
18	0.40625
19	0.40625
20	0.4375
21	0.5
22	0.4375
23	0.4375
24	0.4375
25	0.40625
26	0.40625
27	0.4375
28	0.40625
29	0.5
30	0.40625
31	0.46875
32	0.5
33	0.5
34	0.40625
35	0.4375
36	0.4375
37	0.46875
38	0.46875
39	0.5
40	0.5
41	0.5
42	0.5
43	0.625
44	0.625
45	0.59375
46	0.5625
47	0.625
48	0.625
49	0.65625
50	0.65625
51	0.65625
52	0.65625
53	0.5625
54	0.5625
55	0.5625
56	0.5625
57	0.59375
58	0.59375
59	0.5625
60	0.5625
61	0.625
62	0.625
63	0.625
64	0.59375
65	0.625
66	0.625
67	0.625
68	0.625
69	0.65625
70	0.65625
71	0.65625
72	0.65625
73	0.71875
74	0.71875
75	0.71875
76	0.71875
77	0.71875
78	0.71875
79	0.71875
80	0.71875
81	0.71875
82	0.71875
83	0.71875
84	0.71875
85	0.71875
86	0.6875
87	0.65625
88	0.65625
89	0.65625
90	0.65625
91	0.65625
92	0.65625