0	0.352941176471
1	0.352941176471
2	0.352941176471
3	0.352941176471
4	0.352941176471
5	0.352941176471
6	0.352941176471
7	0.352941176471
8	0.352941176471
9	0.352941176471
10	0.352941176471
11	0.352941176471
12	0.352941176471
13	0.352941176471
14	0.333333333333
15	0.333333333333
16	0.254901960784
17	0.235294117647
18	0.21568627451
19	0.196078431373
20	0.196078431373
21	0.196078431373
22	0.196078431373
23	0.176470588235
24	0.176470588235
25	0.176470588235
26	0.176470588235
27	0.156862745098
28	0.137254901961
29	0.137254901961
30	0.137254901961
31	0.117647058824
32	0.117647058824
33	0.117647058824
34	0.117647058824
35	0.078431372549
36	0.078431372549
37	0.0588235294118
38	0.0588235294118
39	0.0392156862745
40	0.0392156862745
41	0.0392156862745
42	0.0392156862745
43	0.0392156862745
44	0.0392156862745
45	0.0392156862745
46	0.0392156862745
47	0.0392156862745
48	0.0392156862745
49	0.0392156862745
50	0.0392156862745
51	0.0392156862745
52	0.0392156862745
53	0.0392156862745
54	0.0392156862745
55	0.0392156862745
56	0.0196078431373
57	0.0196078431373
58	0.0196078431373
59	0.0196078431373
60	0.0196078431373
61	0.0196078431373
62	0.0196078431373
63	0.0196078431373
64	0.0196078431373
65	0.0196078431373
66	0.0196078431373
67	0.0196078431373
68	0.0196078431373
69	0.0196078431373
70	0.0196078431373
71	0.0196078431373
72	0.0196078431373
73	0.0196078431373
74	0.0196078431373
75	0.0196078431373
76	0.0196078431373
77	0.0196078431373
78	0.0196078431373
79	0.0196078431373
80	0.0196078431373
81	0.0196078431373
82	0.0196078431373
83	0.0196078431373
84	0.0196078431373
85	0.0196078431373
86	0.0196078431373
87	0.0196078431373
88	0.0196078431373
89	0.0196078431373
90	0.0196078431373
91	0.0196078431373
92	0.0196078431373
93	0.0196078431373
94	0.0196078431373
95	0.0196078431373
96	0.0196078431373
97	0.0196078431373
98	0.0196078431373
99	0.0196078431373
100	0.0196078431373
101	0.0196078431373
102	0.0196078431373
103	0.0196078431373
104	0.0196078431373
105	0.0196078431373
106	0.0196078431373
107	0.0196078431373
108	0.0196078431373
109	0.0196078431373
110	0.0196078431373
111	0.0196078431373
112	0.0196078431373
113	0.0196078431373
114	0.0196078431373
115	0.0196078431373
116	0.0196078431373
117	0.0196078431373
118	0.0196078431373
119	0.0196078431373
120	0.0196078431373
121	0.0196078431373
122	0.0196078431373
123	0.0196078431373
124	0.0196078431373
125	0.0196078431373
126	0.0196078431373
127	0.0196078431373
128	0.0196078431373
129	0.0196078431373
130	0.0196078431373
131	0.0196078431373
132	0.0196078431373
133	0.0196078431373
134	0.0196078431373
135	0.0196078431373
136	0.0196078431373
137	0.0196078431373
138	0.0196078431373
139	0.0196078431373
140	0.0196078431373
141	0.0196078431373
142	0.0196078431373
143	0.0196078431373
144	0.0196078431373
145	0.0196078431373
146	0.0196078431373
147	0.0196078431373
148	0.0196078431373
149	0.0196078431373
150	0.0196078431373
151	0.0196078431373
152	0.0196078431373
153	0.0196078431373
154	0.0196078431373
155	0.0196078431373
156	0.0196078431373
157	0.0196078431373
158	0.0196078431373
159	0.0196078431373
160	0.0196078431373
161	0.0196078431373
162	0.0196078431373
163	0.0196078431373
164	0.0196078431373
165	0.0196078431373
166	0.0196078431373
167	0.0196078431373
168	0.0196078431373
169	0.0196078431373
170	0.0196078431373
171	0.0196078431373
172	0.0196078431373
173	0.0196078431373
174	0.0196078431373
175	0.0196078431373
176	0.0196078431373
177	0.0196078431373
178	0.0196078431373
179	0.0196078431373
180	0.0196078431373
181	0.0196078431373
182	0.0196078431373
183	0.0196078431373
184	0.0196078431373
185	0.0196078431373
186	0.0196078431373