actedon	0	0.666666666667	1.0
albumsofband	0	0.2	0.2
bandmembers	0	0.047619047619	1.0
booksbyauthor	0	0.0	0.0
castof	0	0.0	0.0
creatorof	0	0.181818181818	1.0
howoldis	0	0.166666666667	0.4
other	0	0.764705882353	0.0962962962963
presidentsof	0	0.0344827586207	0.5
showswith	0	0.0769230769231	1.0
whereis	0	0.1875	1.0
whereisfrom	0	0.0	0.0
actedon	112	0.444444444444	1.0
albumsofband	112	0.666666666667	0.8
bandmembers	112	0.5	0.5
booksbyauthor	112	1.0	0.666666666667
castof	112	nan	0.0
creatorof	112	1.0	0.5
howoldis	112	0.0561797752809	1.0
other	112	0.942307692308	0.362962962963
presidentsof	112	nan	0.0
showswith	112	nan	0.0
whereis	112	0.4	0.666666666667
whereisfrom	112	0.0	0.0
actedon	129	0.444444444444	1.0
albumsofband	129	0.666666666667	0.8
bandmembers	129	0.5	0.5
booksbyauthor	129	1.0	0.666666666667
castof	129	nan	0.0
creatorof	129	1.0	0.5
howoldis	129	0.0561797752809	1.0
other	129	0.942307692308	0.362962962963
presidentsof	129	nan	0.0
showswith	129	nan	0.0
whereis	129	0.4	0.666666666667
whereisfrom	129	0.0	0.0
actedon	142	0.444444444444	1.0
albumsofband	142	0.666666666667	0.8
bandmembers	142	0.5	0.5
booksbyauthor	142	1.0	0.666666666667
castof	142	nan	0.0
creatorof	142	1.0	0.5
howoldis	142	0.0561797752809	1.0
other	142	0.942307692308	0.362962962963
presidentsof	142	nan	0.0
showswith	142	nan	0.0
whereis	142	0.4	0.666666666667
whereisfrom	142	0.0	0.0
actedon	159	0.444444444444	1.0
albumsofband	159	0.666666666667	0.8
bandmembers	159	0.5	0.5
booksbyauthor	159	1.0	0.666666666667
castof	159	nan	0.0
creatorof	159	1.0	0.5
howoldis	159	0.0561797752809	1.0
other	159	0.942307692308	0.362962962963
presidentsof	159	nan	0.0
showswith	159	nan	0.0
whereis	159	0.4	0.666666666667
whereisfrom	159	0.0	0.0
actedon	177	0.444444444444	1.0
albumsofband	177	0.666666666667	0.8
bandmembers	177	0.5	0.5
booksbyauthor	177	1.0	0.666666666667
castof	177	nan	0.0
creatorof	177	1.0	0.5
howoldis	177	0.0561797752809	1.0
other	177	0.942307692308	0.362962962963
presidentsof	177	nan	0.0
showswith	177	nan	0.0
whereis	177	0.4	0.666666666667
whereisfrom	177	0.0	0.0
actedon	187	0.444444444444	1.0
albumsofband	187	0.666666666667	0.8
bandmembers	187	0.5	0.5
booksbyauthor	187	1.0	0.666666666667
castof	187	nan	0.0
creatorof	187	1.0	0.5
howoldis	187	0.0561797752809	1.0
other	187	0.942307692308	0.362962962963
presidentsof	187	nan	0.0
showswith	187	nan	0.0
whereis	187	0.4	0.666666666667
whereisfrom	187	0.0	0.0
actedon	201	0.444444444444	1.0
albumsofband	201	0.666666666667	0.8
bandmembers	201	0.5	0.5
booksbyauthor	201	1.0	0.666666666667
castof	201	nan	0.0
creatorof	201	1.0	0.5
howoldis	201	0.054347826087	1.0
other	201	0.938775510204	0.340740740741
presidentsof	201	nan	0.0
showswith	201	nan	0.0
whereis	201	0.4	0.666666666667
whereisfrom	201	0.0	0.0
actedon	212	0.444444444444	1.0
albumsofband	212	0.666666666667	0.8
bandmembers	212	0.5	0.5
booksbyauthor	212	1.0	0.666666666667
castof	212	nan	0.0
creatorof	212	1.0	0.5
howoldis	212	0.054347826087	1.0
other	212	0.938775510204	0.340740740741
presidentsof	212	nan	0.0
showswith	212	nan	0.0
whereis	212	0.4	0.666666666667
whereisfrom	212	0.0	0.0
actedon	233	0.444444444444	1.0
albumsofband	233	0.666666666667	0.8
bandmembers	233	0.5	0.5
booksbyauthor	233	1.0	0.666666666667
castof	233	nan	0.0
creatorof	233	1.0	0.5
howoldis	233	0.054347826087	1.0
other	233	0.938775510204	0.340740740741
presidentsof	233	nan	0.0
showswith	233	nan	0.0
whereis	233	0.4	0.666666666667
whereisfrom	233	0.0	0.0
actedon	247	0.444444444444	1.0
albumsofband	247	0.666666666667	0.8
bandmembers	247	0.5	0.5
booksbyauthor	247	1.0	0.666666666667
castof	247	nan	0.0
creatorof	247	1.0	0.5
howoldis	247	0.054347826087	1.0
other	247	0.938775510204	0.340740740741
presidentsof	247	nan	0.0
showswith	247	nan	0.0
whereis	247	0.4	0.666666666667
whereisfrom	247	0.0	0.0
actedon	264	0.444444444444	1.0
albumsofband	264	0.666666666667	0.8
bandmembers	264	0.5	0.5
booksbyauthor	264	1.0	0.666666666667
castof	264	nan	0.0
creatorof	264	1.0	0.5
howoldis	264	0.054347826087	1.0
other	264	0.938775510204	0.340740740741
presidentsof	264	nan	0.0
showswith	264	nan	0.0
whereis	264	0.4	0.666666666667
whereisfrom	264	0.0	0.0
actedon	275	0.444444444444	1.0
albumsofband	275	0.666666666667	0.8
bandmembers	275	0.5	0.5
booksbyauthor	275	1.0	0.666666666667
castof	275	nan	0.0
creatorof	275	1.0	0.5
howoldis	275	0.054347826087	1.0
other	275	0.938775510204	0.340740740741
presidentsof	275	nan	0.0
showswith	275	nan	0.0
whereis	275	0.4	0.666666666667
whereisfrom	275	0.0	0.0
actedon	288	0.444444444444	1.0
albumsofband	288	0.666666666667	0.8
bandmembers	288	0.5	0.5
booksbyauthor	288	1.0	0.666666666667
castof	288	nan	0.0
creatorof	288	1.0	0.5
howoldis	288	0.054347826087	1.0
other	288	0.938775510204	0.340740740741
presidentsof	288	nan	0.0
showswith	288	nan	0.0
whereis	288	0.4	0.666666666667
whereisfrom	288	0.0	0.0
actedon	303	0.444444444444	1.0
albumsofband	303	0.666666666667	0.8
bandmembers	303	0.5	0.5
booksbyauthor	303	1.0	0.666666666667
castof	303	nan	0.0
creatorof	303	1.0	0.5
howoldis	303	0.054347826087	1.0
other	303	0.938775510204	0.340740740741
presidentsof	303	nan	0.0
showswith	303	nan	0.0
whereis	303	0.4	0.666666666667
whereisfrom	303	0.0	0.0