actedon	0	0.666666666667	1.0
albumsofband	0	0.2	0.2
bandmembers	0	0.047619047619	1.0
booksbyauthor	0	0.0	0.0
castof	0	0.0	0.0
creatorof	0	0.181818181818	1.0
howoldis	0	0.166666666667	0.4
other	0	0.764705882353	0.0962962962963
presidentsof	0	0.0344827586207	0.5
showswith	0	0.0769230769231	1.0
whereis	0	0.1875	1.0
whereisfrom	0	0.0	0.0
actedon	112	0.444444444444	1.0
albumsofband	112	0.666666666667	0.8
bandmembers	112	0.5	0.5
booksbyauthor	112	1.0	0.666666666667
castof	112	nan	0.0
creatorof	112	1.0	0.5
howoldis	112	0.0561797752809	1.0
other	112	0.942307692308	0.362962962963
presidentsof	112	nan	0.0
showswith	112	nan	0.0
whereis	112	0.4	0.666666666667
whereisfrom	112	0.0	0.0
actedon	134	0.444444444444	1.0
albumsofband	134	0.666666666667	0.8
bandmembers	134	0.5	0.5
booksbyauthor	134	1.0	0.666666666667
castof	134	nan	0.0
creatorof	134	1.0	0.5
howoldis	134	0.0561797752809	1.0
other	134	0.942307692308	0.362962962963
presidentsof	134	nan	0.0
showswith	134	nan	0.0
whereis	134	0.4	0.666666666667
whereisfrom	134	0.0	0.0
actedon	157	0.444444444444	1.0
albumsofband	157	0.666666666667	0.8
bandmembers	157	0.5	0.5
booksbyauthor	157	1.0	0.666666666667
castof	157	nan	0.0
creatorof	157	1.0	0.5
howoldis	157	0.0561797752809	1.0
other	157	0.942307692308	0.362962962963
presidentsof	157	nan	0.0
showswith	157	nan	0.0
whereis	157	0.4	0.666666666667
whereisfrom	157	0.0	0.0
actedon	182	0.444444444444	1.0
albumsofband	182	0.666666666667	0.8
bandmembers	182	0.5	0.5
booksbyauthor	182	1.0	0.666666666667
castof	182	nan	0.0
creatorof	182	1.0	0.5
howoldis	182	0.0561797752809	1.0
other	182	0.942307692308	0.362962962963
presidentsof	182	nan	0.0
showswith	182	nan	0.0
whereis	182	0.4	0.666666666667
whereisfrom	182	0.0	0.0
actedon	211	0.444444444444	1.0
albumsofband	211	0.666666666667	0.8
bandmembers	211	0.5	0.5
booksbyauthor	211	1.0	0.666666666667
castof	211	nan	0.0
creatorof	211	1.0	0.5
howoldis	211	0.0561797752809	1.0
other	211	0.942307692308	0.362962962963
presidentsof	211	nan	0.0
showswith	211	nan	0.0
whereis	211	0.4	0.666666666667
whereisfrom	211	0.0	0.0
actedon	227	0.444444444444	1.0
albumsofband	227	0.666666666667	0.8
bandmembers	227	0.5	0.5
booksbyauthor	227	1.0	0.666666666667
castof	227	nan	0.0
creatorof	227	1.0	1.0
howoldis	227	0.0568181818182	1.0
other	227	0.942307692308	0.362962962963
presidentsof	227	nan	0.0
showswith	227	nan	0.0
whereis	227	0.4	0.666666666667
whereisfrom	227	0.0	0.0
actedon	251	0.444444444444	1.0
albumsofband	251	0.666666666667	0.8
bandmembers	251	0.5	0.5
booksbyauthor	251	1.0	0.666666666667
castof	251	nan	0.0
creatorof	251	1.0	1.0
howoldis	251	0.0568181818182	1.0
other	251	0.942307692308	0.362962962963
presidentsof	251	nan	0.0
showswith	251	nan	0.0
whereis	251	0.4	0.666666666667
whereisfrom	251	0.0	0.0
actedon	267	0.444444444444	1.0
albumsofband	267	0.666666666667	0.8
bandmembers	267	0.5	0.5
booksbyauthor	267	1.0	0.666666666667
castof	267	nan	0.0
creatorof	267	1.0	1.0
howoldis	267	0.0568181818182	1.0
other	267	0.942307692308	0.362962962963
presidentsof	267	nan	0.0
showswith	267	nan	0.0
whereis	267	0.4	0.666666666667
whereisfrom	267	0.0	0.0
actedon	290	0.444444444444	1.0
albumsofband	290	0.666666666667	0.8
bandmembers	290	0.5	0.5
booksbyauthor	290	1.0	0.666666666667
castof	290	nan	0.0
creatorof	290	1.0	1.0
howoldis	290	0.0568181818182	1.0
other	290	0.942307692308	0.362962962963
presidentsof	290	nan	0.0
showswith	290	nan	0.0
whereis	290	0.4	0.666666666667
whereisfrom	290	0.0	0.0
actedon	307	0.444444444444	1.0
albumsofband	307	0.666666666667	0.8
bandmembers	307	0.5	0.5
booksbyauthor	307	1.0	0.666666666667
castof	307	nan	0.0
creatorof	307	1.0	1.0
howoldis	307	0.0568181818182	1.0
other	307	0.942307692308	0.362962962963
presidentsof	307	nan	0.0
showswith	307	nan	0.0
whereis	307	0.4	0.666666666667
whereisfrom	307	0.0	0.0
actedon	327	0.444444444444	1.0
albumsofband	327	0.666666666667	0.8
bandmembers	327	0.5	0.5
booksbyauthor	327	1.0	0.666666666667
castof	327	nan	0.0
creatorof	327	1.0	1.0
howoldis	327	0.0568181818182	1.0
other	327	0.942307692308	0.362962962963
presidentsof	327	nan	0.0
showswith	327	nan	0.0
whereis	327	0.4	0.666666666667
whereisfrom	327	0.0	0.0
actedon	341	0.444444444444	1.0
albumsofband	341	0.666666666667	0.8
bandmembers	341	0.5	0.5
booksbyauthor	341	1.0	0.666666666667
castof	341	nan	0.0
creatorof	341	1.0	1.0
howoldis	341	0.0568181818182	1.0
other	341	0.942307692308	0.362962962963
presidentsof	341	nan	0.0
showswith	341	nan	0.0
whereis	341	0.4	0.666666666667
whereisfrom	341	0.0	0.0
actedon	356	0.444444444444	1.0
albumsofband	356	0.666666666667	0.8
bandmembers	356	0.5	0.5
booksbyauthor	356	1.0	0.666666666667
castof	356	nan	0.0
creatorof	356	1.0	1.0
howoldis	356	0.0568181818182	1.0
other	356	0.942307692308	0.362962962963
presidentsof	356	nan	0.0
showswith	356	nan	0.0
whereis	356	0.4	0.666666666667
whereisfrom	356	0.0	0.0
actedon	366	0.444444444444	1.0
albumsofband	366	0.666666666667	0.8
bandmembers	366	0.5	0.5
booksbyauthor	366	1.0	0.666666666667
castof	366	nan	0.0
creatorof	366	1.0	1.0
howoldis	366	0.0568181818182	1.0
other	366	0.942307692308	0.362962962963
presidentsof	366	nan	0.0
showswith	366	nan	0.0
whereis	366	0.4	0.666666666667
whereisfrom	366	0.0	0.0
actedon	385	0.444444444444	1.0
albumsofband	385	0.666666666667	0.8
bandmembers	385	0.5	0.5
booksbyauthor	385	1.0	0.666666666667
castof	385	nan	0.0
creatorof	385	1.0	1.0
howoldis	385	0.0568181818182	1.0
other	385	0.942307692308	0.362962962963
presidentsof	385	nan	0.0
showswith	385	nan	0.0
whereis	385	0.4	0.666666666667
whereisfrom	385	0.0	0.0
actedon	397	0.444444444444	1.0
albumsofband	397	0.666666666667	0.8
bandmembers	397	0.5	0.5
booksbyauthor	397	1.0	0.666666666667
castof	397	nan	0.0
creatorof	397	1.0	1.0
howoldis	397	0.0568181818182	1.0
other	397	0.942307692308	0.362962962963
presidentsof	397	nan	0.0
showswith	397	nan	0.0
whereis	397	0.4	0.666666666667
whereisfrom	397	0.0	0.0