actedon	0	0.666666666667	1.0
albumsofband	0	0.2	0.2
bandmembers	0	0.047619047619	1.0
booksbyauthor	0	0.0	0.0
castof	0	0.0	0.0
creatorof	0	0.181818181818	1.0
howoldis	0	0.166666666667	0.4
other	0	0.764705882353	0.0962962962963
presidentsof	0	0.0344827586207	0.5
showswith	0	0.0769230769231	1.0
whereis	0	0.1875	1.0
whereisfrom	0	0.0	0.0
actedon	104	0.444444444444	1.0
albumsofband	104	0.666666666667	0.8
bandmembers	104	0.5	0.5
booksbyauthor	104	1.0	0.666666666667
castof	104	nan	0.0
creatorof	104	1.0	0.5
howoldis	104	0.0561797752809	1.0
other	104	0.942307692308	0.362962962963
presidentsof	104	nan	0.0
showswith	104	nan	0.0
whereis	104	0.4	0.666666666667
whereisfrom	104	0.0	0.0
actedon	118	0.444444444444	1.0
albumsofband	118	0.666666666667	0.8
bandmembers	118	0.5	0.5
booksbyauthor	118	1.0	0.666666666667
castof	118	nan	0.0
creatorof	118	1.0	0.5
howoldis	118	0.0561797752809	1.0
other	118	0.942307692308	0.362962962963
presidentsof	118	nan	0.0
showswith	118	nan	0.0
whereis	118	0.4	0.666666666667
whereisfrom	118	0.0	0.0
actedon	135	0.444444444444	1.0
albumsofband	135	0.666666666667	0.8
bandmembers	135	0.5	0.5
booksbyauthor	135	1.0	0.666666666667
castof	135	nan	0.0
creatorof	135	1.0	0.5
howoldis	135	0.0561797752809	1.0
other	135	0.942307692308	0.362962962963
presidentsof	135	nan	0.0
showswith	135	nan	0.0
whereis	135	0.4	0.666666666667
whereisfrom	135	0.0	0.0
actedon	145	0.444444444444	1.0
albumsofband	145	0.666666666667	0.8
bandmembers	145	0.5	0.5
booksbyauthor	145	1.0	0.666666666667
castof	145	nan	0.0
creatorof	145	1.0	0.5
howoldis	145	0.054347826087	1.0
other	145	0.938775510204	0.340740740741
presidentsof	145	nan	0.0
showswith	145	nan	0.0
whereis	145	0.4	0.666666666667
whereisfrom	145	0.0	0.0
actedon	162	0.444444444444	1.0
albumsofband	162	0.666666666667	0.8
bandmembers	162	0.5	0.5
booksbyauthor	162	1.0	0.666666666667
castof	162	nan	0.0
creatorof	162	1.0	0.5
howoldis	162	0.054347826087	1.0
other	162	0.938775510204	0.340740740741
presidentsof	162	nan	0.0
showswith	162	nan	0.0
whereis	162	0.4	0.666666666667
whereisfrom	162	0.0	0.0
actedon	179	0.444444444444	1.0
albumsofband	179	0.666666666667	0.8
bandmembers	179	0.5	0.5
booksbyauthor	179	1.0	0.666666666667
castof	179	nan	0.0
creatorof	179	1.0	0.5
howoldis	179	0.054347826087	1.0
other	179	0.938775510204	0.340740740741
presidentsof	179	nan	0.0
showswith	179	nan	0.0
whereis	179	0.4	0.666666666667
whereisfrom	179	0.0	0.0
actedon	191	0.444444444444	1.0
albumsofband	191	0.666666666667	0.8
bandmembers	191	0.5	0.5
booksbyauthor	191	1.0	0.666666666667
castof	191	nan	0.0
creatorof	191	1.0	0.5
howoldis	191	0.054347826087	1.0
other	191	0.938775510204	0.340740740741
presidentsof	191	nan	0.0
showswith	191	nan	0.0
whereis	191	0.4	0.666666666667
whereisfrom	191	0.0	0.0
actedon	203	0.444444444444	1.0
albumsofband	203	0.666666666667	0.8
bandmembers	203	0.5	0.5
booksbyauthor	203	1.0	0.666666666667
castof	203	nan	0.0
creatorof	203	1.0	0.5
howoldis	203	0.054347826087	1.0
other	203	0.938775510204	0.340740740741
presidentsof	203	nan	0.0
showswith	203	nan	0.0
whereis	203	0.4	0.666666666667
whereisfrom	203	0.0	0.0