0	0.123655913978
2	0.129032258065
4	0.139784946237
6	0.150537634409
8	0.182795698925
10	0.150537634409
12	0.150537634409
14	0.215053763441
16	0.215053763441
18	0.215053763441
20	0.236559139785
22	0.139784946237
24	0.193548387097
26	0.301075268817
28	0.172043010753
30	0.198924731183
32	0.188172043011
34	0.231182795699
36	0.182795698925
38	0.215053763441
40	0.204301075269
42	0.215053763441
44	0.231182795699
46	0.327956989247
48	0.231182795699
50	0.327956989247
52	0.39247311828
54	0.39247311828
56	0.467741935484
58	0.430107526882
60	0.39247311828
62	0.435483870968
64	0.430107526882
66	0.467741935484
68	0.537634408602
70	0.510752688172
72	0.596774193548
74	0.55376344086
76	0.494623655914
78	0.489247311828
80	0.489247311828
82	0.5
84	0.521505376344
86	0.44623655914
88	0.462365591398
90	0.424731182796
92	0.440860215054
94	0.483870967742
96	0.510752688172
98	0.52688172043
100	0.548387096774
102	0.559139784946
104	0.596774193548
106	0.618279569892
108	0.564516129032
110	0.591397849462
112	0.58064516129
114	0.596774193548
116	0.58064516129
118	0.602150537634
120	0.60752688172
122	0.623655913978
124	0.596774193548
126	0.618279569892
128	0.60752688172
130	0.677419354839
132	0.559139784946
134	0.634408602151
136	0.666666666667
138	0.60752688172
140	0.618279569892
142	0.612903225806
144	0.645161290323
146	0.252688172043
148	0.252688172043
150	0.247311827957
152	0.236559139785
154	0.284946236559
156	0.236559139785
158	0.231182795699
160	0.247311827957
162	0.274193548387
164	0.263440860215
166	0.247311827957
168	0.258064516129
170	0.284946236559
172	0.236559139785
174	0.268817204301
176	0.274193548387
178	0.263440860215
180	0.263440860215
182	0.747311827957
184	0.736559139785
186	0.306451612903
