0	0.173652694611
1	0.173652694611
2	0.185628742515
3	0.161676646707
4	0.173652694611
5	0.233532934132
6	0.22754491018
7	0.185628742515
8	0.359281437126
9	0.125748502994
10	0.173652694611
11	0.317365269461
12	0.22754491018
13	0.365269461078
14	0.149700598802
15	0.275449101796
16	0.37125748503
17	0.0838323353293
18	0.101796407186
19	0.0958083832335
20	0.0898203592814
21	0.11377245509
22	0.0958083832335
23	0.0958083832335
24	0.101796407186
25	0.0778443113772
26	0.0898203592814
27	0.0958083832335
28	0.101796407186
29	0.0838323353293
30	0.101796407186
31	0.11377245509
32	0.0898203592814
33	0.0958083832335
34	0.0958083832335
35	0.0958083832335
36	0.0718562874251
37	0.107784431138
38	0.0958083832335
39	0.125748502994
40	0.0958083832335
41	0.101796407186
42	0.11377245509
43	0.119760479042
44	0.179640718563
45	0.251497005988
46	0.215568862275
47	0.245508982036
48	0.203592814371
49	0.239520958084
50	0.233532934132
51	0.209580838323
52	0.287425149701
53	0.191616766467
54	0.245508982036
55	0.329341317365
56	0.245508982036
57	0.341317365269
58	0.323353293413
59	0.25748502994
60	0.341317365269
61	0.263473053892
62	0.329341317365
63	0.353293413174
64	0.347305389222
65	0.329341317365
66	0.347305389222
67	0.347305389222
68	0.299401197605
69	0.293413173653
70	0.311377245509
71	0.317365269461
72	0.299401197605
73	0.299401197605
74	0.299401197605
75	0.305389221557
76	0.281437125749
77	0.263473053892
78	0.293413173653
79	0.299401197605
80	0.233532934132
81	0.245508982036
82	0.275449101796
83	0.263473053892
84	0.263473053892
85	0.25748502994
86	0.25748502994
87	0.329341317365
88	0.191616766467
89	0.263473053892
90	0.203592814371
91	0.233532934132
92	0.269461077844
