0	0.134408602151
2	0.145161290323
4	0.150537634409
6	0.161290322581
8	0.252688172043
10	0.145161290323
12	0.139784946237
14	0.231182795699
16	0.241935483871
18	0.220430107527
20	0.198924731183
22	0.177419354839
24	0.263440860215
26	0.166666666667
28	0.166666666667
30	0.177419354839
32	0.198924731183
34	0.204301075269
36	0.204301075269
38	0.241935483871
40	0.263440860215
42	0.198924731183
44	0.381720430108
46	0.322580645161
48	0.333333333333
50	0.333333333333
52	0.435483870968
54	0.39247311828
56	0.430107526882
58	0.41935483871
60	0.430107526882
62	0.430107526882
64	0.430107526882
66	0.478494623656
68	0.55376344086
70	0.52688172043
72	0.569892473118
74	0.559139784946
76	0.5
78	0.5
80	0.494623655914
82	0.505376344086
84	0.467741935484
86	0.483870967742
88	0.505376344086
90	0.467741935484
92	0.494623655914
94	0.478494623656
96	0.537634408602
98	0.537634408602
100	0.564516129032
102	0.516129032258
104	0.575268817204
106	0.623655913978
108	0.623655913978
110	0.494623655914
112	0.602150537634
114	0.60752688172
116	0.586021505376
118	0.564516129032
120	0.650537634409
122	0.629032258065
124	0.650537634409
126	0.618279569892
128	0.650537634409
130	0.666666666667
132	0.645161290323
134	0.618279569892
136	0.677419354839
138	0.634408602151
140	0.612903225806
142	0.602150537634
144	0.677419354839
146	0.220430107527
148	0.241935483871
150	0.263440860215
152	0.252688172043
154	0.274193548387
156	0.290322580645
158	0.252688172043
160	0.236559139785
162	0.258064516129
164	0.252688172043
166	0.236559139785
168	0.231182795699
170	0.241935483871
172	0.247311827957
174	0.268817204301
176	0.258064516129
178	0.252688172043
180	0.311827956989
182	0.747311827957
184	0.736559139785
186	0.311827956989
