0	0.34375
1	0.34375
2	0.46875
3	0.40625
4	0.40625
5	0.46875
6	0.4375
7	0.40625
8	0.40625
9	0.4375
10	0.53125
11	0.375
12	0.5
13	0.4375
14	0.46875
15	0.4375
16	0.5625
17	0.4375
18	0.53125
19	0.5
20	0.46875
21	0.59375
22	0.5
23	0.5
24	0.53125
25	0.40625
26	0.46875
27	0.5
28	0.53125
29	0.4375
30	0.53125
31	0.59375
32	0.46875
33	0.5
34	0.5
35	0.5
36	0.375
37	0.5625
38	0.5
39	0.65625
40	0.5
41	0.53125
42	0.59375
43	0.53125
44	0.53125
45	0.59375
46	0.53125
47	0.6875
48	0.5625
49	0.625
50	0.625
51	0.65625
52	0.625
53	0.59375
54	0.5625
55	0.625
56	0.625
57	0.6875
58	0.625
59	0.5625
60	0.59375
61	0.65625
62	0.59375
63	0.65625
64	0.65625
65	0.59375
66	0.625
67	0.625
68	0.59375
69	0.5625
70	0.6875
71	0.6875
72	0.59375
73	0.65625
74	0.59375
75	0.65625
76	0.53125
77	0.625
78	0.5625
79	0.6875
80	0.59375
81	0.625
82	0.6875
83	0.625
84	0.625
85	0.65625
86	0.65625
87	0.6875
88	0.625
89	0.65625
90	0.53125
91	0.65625
92	0.6875