0	0.490196078431
2	0.509803921569
4	0.529411764706
6	0.509803921569
8	0.392156862745
10	0.470588235294
12	0.450980392157
14	0.509803921569
16	0.529411764706
18	0.490196078431
20	0.450980392157
22	0.411764705882
24	0.450980392157
26	0.411764705882
28	0.411764705882
30	0.43137254902
32	0.392156862745
34	0.411764705882
36	0.411764705882
38	0.352941176471
40	0.411764705882
42	0.333333333333
44	0.333333333333
46	0.392156862745
48	0.411764705882
50	0.352941176471
52	0.43137254902
54	0.411764705882
56	0.411764705882
58	0.43137254902
60	0.392156862745
62	0.352941176471
64	0.333333333333
66	0.372549019608
68	0.352941176471
70	0.411764705882
72	0.411764705882
74	0.43137254902
76	0.450980392157
78	0.352941176471
80	0.294117647059
82	0.352941176471
84	0.333333333333
86	0.333333333333
88	0.333333333333
90	0.333333333333
92	0.333333333333
94	0.352941176471
96	0.313725490196
98	0.411764705882
100	0.333333333333
102	0.313725490196
104	0.352941176471
106	0.333333333333
108	0.392156862745
110	0.352941176471
112	0.352941176471
114	0.392156862745
116	0.333333333333
118	0.372549019608
120	0.372549019608
122	0.352941176471
124	0.352941176471
126	0.411764705882
128	0.392156862745
130	0.352941176471
132	0.333333333333
134	0.313725490196
136	0.313725490196
138	0.313725490196
140	0.294117647059
142	0.274509803922
144	0.333333333333
146	0.313725490196
148	0.235294117647
150	0.274509803922
152	0.294117647059
154	0.313725490196
156	0.372549019608
158	0.313725490196
160	0.294117647059
162	0.313725490196
164	0.313725490196
166	0.294117647059
168	0.235294117647
170	0.274509803922
172	0.294117647059
174	0.294117647059
176	0.313725490196
178	0.333333333333
180	0.352941176471
182	0.411764705882
184	0.411764705882
186	0.333333333333