0	0.450980392157
2	0.450980392157
4	0.490196078431
6	0.509803921569
8	0.509803921569
10	0.470588235294
12	0.450980392157
14	0.549019607843
16	0.470588235294
18	0.490196078431
20	0.490196078431
22	0.333333333333
24	0.470588235294
26	0.411764705882
28	0.392156862745
30	0.450980392157
32	0.352941176471
34	0.392156862745
36	0.352941176471
38	0.372549019608
40	0.392156862745
42	0.333333333333
44	0.333333333333
46	0.333333333333
48	0.392156862745
50	0.352941176471
52	0.411764705882
54	0.450980392157
56	0.392156862745
58	0.411764705882
60	0.333333333333
62	0.372549019608
64	0.313725490196
66	0.352941176471
68	0.392156862745
70	0.333333333333
72	0.372549019608
74	0.313725490196
76	0.392156862745
78	0.372549019608
80	0.372549019608
82	0.294117647059
84	0.313725490196
86	0.372549019608
88	0.333333333333
90	0.372549019608
92	0.352941176471
94	0.372549019608
96	0.372549019608
98	0.352941176471
100	0.333333333333
102	0.372549019608
104	0.352941176471
106	0.294117647059
108	0.352941176471
110	0.372549019608
112	0.372549019608
114	0.372549019608
116	0.352941176471
118	0.372549019608
120	0.352941176471
122	0.313725490196
124	0.352941176471
126	0.372549019608
128	0.313725490196
130	0.352941176471
132	0.313725490196
134	0.333333333333
136	0.372549019608
138	0.313725490196
140	0.254901960784
142	0.254901960784
144	0.274509803922
146	0.294117647059
148	0.274509803922
150	0.294117647059
152	0.274509803922
154	0.333333333333
156	0.254901960784
158	0.254901960784
160	0.274509803922
162	0.313725490196
164	0.333333333333
166	0.294117647059
168	0.333333333333
170	0.372549019608
172	0.254901960784
174	0.294117647059
176	0.294117647059
178	0.333333333333
180	0.333333333333
182	0.43137254902
184	0.392156862745
186	0.352941176471