0	0.0215053763441
10	0.0215053763441
20	0.0483870967742
30	0.123655913978
40	0.0161290322581
50	0.150537634409
60	0.198924731183
70	0.317204301075
80	0.559139784946
90	0.709677419355
100	0.709677419355
110	0.698924731183
120	0.709677419355
130	0.709677419355
140	0.709677419355
150	0.709677419355
160	0.709677419355
170	0.709677419355
180	0.725806451613
190	0.725806451613
200	0.725806451613
210	0.725806451613
220	0.725806451613
230	0.725806451613
240	0.725806451613
250	0.725806451613
260	0.725806451613
270	0.725806451613
280	0.725806451613
290	0.725806451613
300	0.725806451613
310	0.725806451613
320	0.725806451613
330	0.725806451613
340	0.725806451613
350	0.725806451613
360	0.725806451613
370	0.725806451613
380	0.725806451613
390	0.725806451613
400	0.725806451613
410	0.725806451613
420	0.725806451613
430	0.725806451613
440	0.725806451613
450	0.725806451613
460	0.725806451613
470	0.725806451613
480	0.725806451613
490	0.725806451613
497	0.725806451613
