0	0.22754491018
1	0.0838323353293
2	0.0538922155689
3	0.0359281437126
4	0.0958083832335
5	0.101796407186
6	0.101796407186
7	0.107784431138
8	0.40119760479
9	0.40119760479
10	0.532934131737
11	0.676646706587
12	0.676646706587
13	0.550898203593
14	0.520958083832
15	0.526946107784
16	0.526946107784
17	0.425149700599
18	0.461077844311
19	0.467065868263
20	0.461077844311
21	0.461077844311
22	0.497005988024
23	0.449101796407
24	0.449101796407
25	0.449101796407
26	0.449101796407
27	0.413173652695
28	0.51497005988
29	0.497005988024
30	0.473053892216
31	0.473053892216
32	0.48502994012
33	0.497005988024
34	0.502994011976
35	0.431137724551
36	0.419161676647
37	0.526946107784
38	0.479041916168
39	0.419161676647
40	0.425149700599
41	0.425149700599
42	0.419161676647
43	0.389221556886
44	0.37125748503
45	0.37125748503
46	0.37125748503
47	0.37125748503
48	0.37125748503
49	0.377245508982
50	0.407185628743
51	0.395209580838
52	0.419161676647
53	0.425149700599
54	0.425149700599
55	0.419161676647
56	0.431137724551
57	0.437125748503
58	0.437125748503
59	0.419161676647
60	0.40119760479
61	0.40119760479
62	0.40119760479
63	0.40119760479
64	0.40119760479
65	0.40119760479
66	0.395209580838
67	0.389221556886
68	0.40119760479
69	0.407185628743
70	0.407185628743
71	0.407185628743
72	0.407185628743
73	0.413173652695
74	0.395209580838
75	0.395209580838
76	0.40119760479
77	0.40119760479
78	0.40119760479
79	0.40119760479
80	0.413173652695
81	0.425149700599
82	0.419161676647
83	0.419161676647
84	0.407185628743
85	0.419161676647
86	0.425149700599
87	0.425149700599
88	0.425149700599
89	0.425149700599
90	0.425149700599
91	0.407185628743
92	0.407185628743
