0	0.46875
1	0.4375
2	0.28125
3	0.1875
4	0.1875
5	0.21875
6	0.21875
7	0.25
8	0.1875
9	0.1875
10	0.1875
11	0.125
12	0.125
13	0.125
14	0.1875
15	0.21875
16	0.21875
17	0.3125
18	0.125
19	0.15625
20	0.15625
21	0.21875
22	0.21875
23	0.21875
24	0.21875
25	0.25
26	0.25
27	0.25
28	0.25
29	0.25
30	0.28125
31	0.28125
32	0.34375
33	0.40625
34	0.4375
35	0.46875
36	0.4375
37	0.40625
38	0.40625
39	0.4375
40	0.46875
41	0.46875
42	0.5
43	0.53125
44	0.46875
45	0.46875
46	0.46875
47	0.46875
48	0.46875
49	0.5
50	0.46875
51	0.46875
52	0.46875
53	0.5
54	0.5
55	0.5
56	0.5
57	0.53125
58	0.53125
59	0.5
60	0.5
61	0.5
62	0.5
63	0.5
64	0.5
65	0.5
66	0.5
67	0.5
68	0.5
69	0.5
70	0.5
71	0.5
72	0.5
73	0.5
74	0.5
75	0.5
76	0.53125
77	0.53125
78	0.53125
79	0.53125
80	0.59375
81	0.65625
82	0.65625
83	0.65625
84	0.59375
85	0.65625
86	0.6875
87	0.6875
88	0.6875
89	0.6875
90	0.6875
91	0.65625
92	0.65625