0	0.173652694611
98	0.335329341317
99	0.335329341317
100	0.335329341317
104	0.293413173653
106	0.221556886228
109	0.185628742515
111	0.185628742515
113	0.185628742515
114	0.185628742515
115	0.185628742515
116	0.215568862275
117	0.269461077844
118	0.317365269461
119	0.377245508982
120	0.395209580838
121	0.413173652695
122	0.431137724551
123	0.455089820359
124	0.48502994012
125	0.508982035928
126	0.520958083832
127	0.544910179641
128	0.580838323353
129	0.580838323353
130	0.580838323353
131	0.592814371257
132	0.59880239521
133	0.592814371257
134	0.610778443114
135	0.610778443114
136	0.616766467066
137	0.616766467066
138	0.616766467066
139	0.610778443114
140	0.616766467066
141	0.610778443114
142	0.610778443114
143	0.610778443114
144	0.610778443114
145	0.610778443114
146	0.610778443114
147	0.610778443114
148	0.610778443114
149	0.610778443114
150	0.610778443114
151	0.610778443114
152	0.610778443114
153	0.610778443114
154	0.604790419162
155	0.604790419162
156	0.604790419162
157	0.604790419162
158	0.59880239521
159	0.59880239521
160	0.616766467066
161	0.62874251497
162	0.634730538922
163	0.640718562874
164	0.640718562874
165	0.640718562874
166	0.640718562874
167	0.640718562874
168	0.646706586826
169	0.646706586826
170	0.646706586826
171	0.646706586826
172	0.652694610778
173	0.688622754491
174	0.712574850299
175	0.748502994012
176	0.754491017964
177	0.760479041916
178	0.766467065868
179	0.766467065868
180	0.766467065868
181	0.766467065868
182	0.766467065868
183	0.766467065868
184	0.766467065868
185	0.766467065868
186	0.766467065868
187	0.766467065868
188	0.766467065868
189	0.766467065868
190	0.766467065868
191	0.766467065868
192	0.766467065868
193	0.766467065868
194	0.760479041916
195	0.754491017964
196	0.754491017964
197	0.766467065868
198	0.77245508982
199	0.77245508982
200	0.766467065868
201	0.766467065868
202	0.766467065868
203	0.784431137725
204	0.796407185629
205	0.796407185629
206	0.796407185629
207	0.796407185629
208	0.796407185629
209	0.796407185629
210	0.796407185629
211	0.796407185629
212	0.796407185629
213	0.796407185629
214	0.796407185629
215	0.796407185629
216	0.796407185629
217	0.796407185629
218	0.796407185629
219	0.790419161677
221	0.796407185629
223	0.796407185629
225	0.796407185629
226	0.796407185629
227	0.796407185629
228	0.796407185629
229	0.796407185629
230	0.814371257485
231	0.814371257485
232	0.814371257485
233	0.826347305389
234	0.832335329341
235	0.832335329341
236	0.832335329341
237	0.832335329341
238	0.832335329341
239	0.832335329341
240	0.832335329341
241	0.832335329341
242	0.832335329341
243	0.832335329341
244	0.832335329341
245	0.832335329341
246	0.832335329341
247	0.832335329341
248	0.832335329341
249	0.832335329341
250	0.832335329341
251	0.832335329341
252	0.832335329341
253	0.832335329341
254	0.832335329341
255	0.832335329341
256	0.832335329341
257	0.832335329341
258	0.832335329341
259	0.832335329341
260	0.826347305389
261	0.826347305389
262	0.826347305389
263	0.826347305389
264	0.826347305389
265	0.826347305389
266	0.826347305389
267	0.826347305389
268	0.826347305389
269	0.826347305389
270	0.826347305389
271	0.826347305389
272	0.826347305389
273	0.826347305389
274	0.832335329341
275	0.826347305389
276	0.826347305389
277	0.826347305389
278	0.826347305389
279	0.826347305389
280	0.826347305389
281	0.826347305389
282	0.826347305389
283	0.844311377246
284	0.850299401198
285	0.850299401198
286	0.844311377246
287	0.844311377246
288	0.844311377246
289	0.844311377246
290	0.85628742515
291	0.85628742515
292	0.85628742515
293	0.85628742515
294	0.862275449102
295	0.862275449102
296	0.862275449102
297	0.862275449102
298	0.862275449102
300	0.862275449102
301	0.868263473054
302	0.868263473054
303	0.868263473054
304	0.868263473054
305	0.868263473054
306	0.868263473054
307	0.868263473054
308	0.868263473054
309	0.862275449102
310	0.862275449102
311	0.862275449102
312	0.868263473054
313	0.868263473054
314	0.868263473054
315	0.868263473054
316	0.874251497006
317	0.874251497006
318	0.874251497006
319	0.874251497006
320	0.874251497006
321	0.874251497006
322	0.880239520958
323	0.880239520958
324	0.880239520958
325	0.880239520958
326	0.880239520958
327	0.880239520958
330	0.874251497006
332	0.874251497006
334	0.874251497006
335	0.874251497006
337	0.874251497006
339	0.874251497006
341	0.88622754491
342	0.88622754491
343	0.88622754491
344	0.88622754491
345	0.88622754491
346	0.88622754491
347	0.88622754491
348	0.88622754491
349	0.88622754491
350	0.88622754491
351	0.88622754491
352	0.88622754491
353	0.88622754491
354	0.88622754491
355	0.88622754491
356	0.88622754491
358	0.88622754491
359	0.88622754491
360	0.88622754491
361	0.88622754491
362	0.88622754491
363	0.88622754491
364	0.88622754491
365	0.88622754491
366	0.88622754491
367	0.88622754491
369	0.88622754491
371	0.88622754491
372	0.88622754491
373	0.88622754491
374	0.880239520958
375	0.880239520958
376	0.880239520958
377	0.88622754491
378	0.88622754491
379	0.892215568862
380	0.892215568862
381	0.892215568862
382	0.892215568862
383	0.892215568862
384	0.892215568862
386	0.892215568862
387	0.892215568862
388	0.892215568862
389	0.892215568862
390	0.892215568862
391	0.892215568862
392	0.892215568862
393	0.892215568862
394	0.892215568862
396	0.892215568862
398	0.892215568862
400	0.892215568862
401	0.904191616766
402	0.904191616766
403	0.904191616766
404	0.904191616766
406	0.904191616766
407	0.904191616766
408	0.904191616766
409	0.904191616766
410	0.898203592814
411	0.904191616766
412	0.904191616766
413	0.910179640719
415	0.910179640719
417	0.910179640719
418	0.910179640719
420	0.910179640719
422	0.910179640719
424	0.910179640719
425	0.910179640719
426	0.910179640719
427	0.910179640719
428	0.910179640719
430	0.910179640719
432	0.916167664671
433	0.910179640719
434	0.910179640719
435	0.910179640719
437	0.910179640719
439	0.910179640719
441	0.910179640719
442	0.916167664671
444	0.916167664671
446	0.922155688623
447	0.922155688623
448	0.916167664671
