0	0.5
98	0.59375
99	0.59375
100	0.59375
104	0.59375
106	0.5625
109	0.53125
111	0.53125
113	0.53125
114	0.53125
115	0.53125
116	0.5625
117	0.59375
118	0.625
119	0.71875
120	0.71875
121	0.71875
122	0.75
123	0.78125
124	0.78125
125	0.78125
126	0.78125
127	0.78125
128	0.78125
129	0.78125
130	0.78125
131	0.78125
132	0.78125
133	0.75
134	0.75
135	0.75
136	0.78125
137	0.78125
138	0.78125
139	0.75
140	0.78125
141	0.75
142	0.75
143	0.75
144	0.75
145	0.75
146	0.75
147	0.75
148	0.75
149	0.75
150	0.75
151	0.75
152	0.75
153	0.75
154	0.71875
155	0.71875
156	0.71875
157	0.71875
158	0.6875
159	0.6875
160	0.6875
161	0.6875
162	0.6875
163	0.6875
164	0.6875
165	0.6875
166	0.6875
167	0.6875
168	0.6875
169	0.6875
170	0.6875
171	0.6875
172	0.6875
173	0.6875
174	0.6875
175	0.6875
176	0.65625
177	0.65625
178	0.65625
179	0.65625
180	0.6875
181	0.6875
182	0.6875
183	0.6875
184	0.6875
185	0.6875
186	0.6875
187	0.6875
188	0.6875
189	0.6875
190	0.6875
191	0.6875
192	0.6875
193	0.6875
194	0.65625
195	0.625
196	0.625
197	0.625
198	0.625
199	0.625
200	0.59375
201	0.59375
202	0.59375
203	0.59375
204	0.59375
205	0.59375
206	0.59375
207	0.59375
208	0.59375
209	0.5625
210	0.5625
211	0.5625
212	0.5625
213	0.5625
214	0.5625
215	0.5625
216	0.5625
217	0.5625
218	0.5625
219	0.53125
221	0.53125
223	0.53125
225	0.53125
226	0.53125
227	0.53125
228	0.53125
229	0.53125
230	0.53125
231	0.53125
232	0.53125
233	0.53125
234	0.53125
235	0.53125
236	0.53125
237	0.53125
238	0.53125
239	0.53125
240	0.53125
241	0.53125
242	0.53125
243	0.53125
244	0.53125
245	0.53125
246	0.53125
247	0.53125
248	0.53125
249	0.53125
250	0.53125
251	0.53125
252	0.53125
253	0.53125
254	0.53125
255	0.53125
256	0.53125
257	0.53125
258	0.53125
259	0.53125
260	0.5
261	0.5
262	0.5
263	0.5
264	0.5
265	0.5
266	0.5
267	0.5
268	0.5
269	0.5
270	0.46875
271	0.46875
272	0.46875
273	0.46875
274	0.5
275	0.5
276	0.5
277	0.5
278	0.5
279	0.5
280	0.5
281	0.5
282	0.5
283	0.5
284	0.5
285	0.5
286	0.46875
287	0.46875
288	0.46875
289	0.46875
290	0.46875
291	0.46875
292	0.46875
293	0.46875
294	0.46875
295	0.46875
296	0.46875
297	0.46875
298	0.46875
300	0.46875
301	0.5
302	0.5
303	0.5
304	0.5
305	0.5
306	0.5
307	0.5
308	0.5
309	0.5
310	0.5
311	0.5
312	0.5
313	0.5
314	0.5
315	0.5
316	0.53125
317	0.53125
318	0.53125
319	0.53125
320	0.53125
321	0.53125
322	0.53125
323	0.53125
324	0.53125
325	0.53125
326	0.53125
327	0.53125
330	0.5
332	0.5
334	0.5
335	0.5
337	0.5
339	0.5
341	0.5
342	0.5
343	0.5
344	0.5
345	0.5
346	0.5
347	0.5
348	0.5
349	0.5
350	0.5
351	0.5
352	0.5
353	0.5
354	0.5
355	0.5
356	0.5
358	0.5
359	0.5
360	0.5
361	0.5
362	0.5
363	0.5
364	0.5
365	0.5
366	0.5
367	0.5
369	0.5
371	0.5
372	0.5
373	0.5
374	0.5
375	0.5
376	0.5
377	0.5
378	0.5
379	0.53125
380	0.53125
381	0.53125
382	0.53125
383	0.53125
384	0.53125
386	0.53125
387	0.53125
388	0.53125
389	0.53125
390	0.53125
391	0.53125
392	0.53125
393	0.53125
394	0.53125
396	0.53125
398	0.53125
400	0.53125
401	0.59375
402	0.59375
403	0.59375
404	0.59375
406	0.59375
407	0.59375
408	0.59375
409	0.59375
410	0.59375
411	0.625
412	0.625
413	0.65625
415	0.65625
417	0.65625
418	0.65625
420	0.65625
422	0.65625
424	0.65625
425	0.65625
426	0.65625
427	0.65625
428	0.65625
430	0.65625
432	0.6875
433	0.65625
434	0.65625
435	0.65625
437	0.65625
439	0.65625
441	0.65625
442	0.6875
444	0.6875
446	0.6875
447	0.6875
448	0.65625